1
0.5
3.0322282764377064
1.883755778176442
1.8843067168671896
2.0746939059947005
1.8769263066171007
1.668378997272366
1.2850833214835835
1.8382571235126055
1.6580179712142797
1.0786837554903053
0.9714358691457617
1.374512329714054
0.6113673156085452
0.7232251981689688
1.098021166880987
0.8130884194608369
1.21401804876874
0.9844457712188046
1.2884078171780045
1.21484351076906
1.227346479990674
0.87484008765026
0.8499836695403395
1.159074362880716
1.1614964857941623
1.4666488188724793
0.8831268634919699
0.6488009204610472
0.7351631168258219
0.6246265952814959
1.1357499564637146
0.7987253753065165
1.009724481974748
1.1554814906505937
1.1335910254235697
1.1006781822760794
1.436161288485547
1.4935424728595368
1.0982108976172777
1.0400872407465613
1.5089470859996748
0.7873565622106733
0.8935211558987302
0.8414075105617649
0.8687486046583512
0.4586995922348855
0.6451179974299324
0.7684931294512952
0.8849273853188254
1.0774652741149933
1.0915635230957579
1.1679401767294553
0.8539622089504808
0.361318482213778
1.1529937999237174
1.1275548805603632
0.9789466178611755
0.9568060863593761
0.7573363220965986
1.1720256749298226
1.274150861219351
0.630899406370425
0.17006474363210367
0.3097589881390797
1.2371232626038584
1.2036932422117057
0.5458601021775743
0.8156809526292493
0.5373457260788731
0.81188042941461
1.471288011517893
0.5341580104459558
1.1559149434713114
0.8913679446711076
0.3973277047583862
0.5904575970365207
1.3006674853190523
1.1621068052277492
1.1742382249552565
1.0173798752673526
0.8548897482914196
1.173436425213183
1.3096591844732572
1.1939080412830698
0.8503366027646473
1.2306699477448553
0.8247750199439696
0.7230988850499805
0.5455978462708378
0.8436825614253352
0.7775834314119403
0.9315457931901013
1.0202003668294555
0.7765728914851672
0.9234385731934387
1.094683717953431
0.5682800508891417
0.7608476333730337
0.6895355215256174
0.290331182598025
1.0023180706497719
