1
0.7
3.12872537777449
2.311156461591991
1.9922074307267639
1.822665520892094
0.9833568575859996
0.9644918937005599
0.8186740609162839
1.1347535644478708
0.6266982284185912
0.5971687010158007
0.7040747607018937
0.8528519385397735
0.6597707162810416
0.6853635436931735
1.1283872080450974
1.0153723700992183
1.0544823480477556
0.6439566059368099
0.8382742309570667
0.6811647942608849
0.9269714009947825
1.353544855830735
1.116320309184454
1.3186004215466351
0.7821666140695678
1.0287935991221815
0.6615767389499962
0.5088716124041546
0.2998994900140187
0.5169925001442313
0.3836591668108979
0.41495940822884164
0.5939896741313121
0.5316138391900735
0.7759492712077634
0.8098765767681695
0.7715174434240787
0.9791251405352757
0.48200147894412987
0.5262343835562824
0.7011637427967603
0.434206608705074
0.21717469650144244
0.7461451461981211
0.889048503582681
0.457263789681674
0.47129567794284133
0.7867643936666482
0.2516537852043076
0.484615769880418
0.6397563858649356
0.9506987007285931
0.7367865744868933
0.7993448795618128
0.687758595752751
1.0195127345115447
1.02764148872396
1.113206315532258
0.7234162278146051
0.8375732633353294
1.218096417862913
0.6972848295288719
0.4969070710089637
1.1276127303141064
0.5270657995762521
0.6451053005506682
0.6822741198539568
0.894407396761423
1.0258991412392175
1.146776434496972
0.9566685591486802
0.8161722372668814
0.5341900197557035
0.8009232476947574
0.5277365280656556
0.6086171278800286
0.5730888586484011
1.0152219492774375
0.9880935148370973
0.3827034241017119
0.4906978924259292
0.7122853685553876
0.6066112808615232
0.7986473633203168
0.40940133902384046
1.2531743673218656
1.043584451235335
0.8050371385873542
0.8935050348344203
0.7248518015761107
0.7101726846285571
0.8191214005143813
1.1694772369243123
0.9475217533904781
0.4946517700103038
0.24725248665029903
1.0889323725961704
0.9704767165573353
0.7181804204315749
0.8287996156866451
0.36204046528575423
