1
0.3
2.9557561882034014
2.2560927748598734
1.5889811728298153
1.3371568129813274
1.6900374030715475
1.3478524809027523
1.4758163410757508
1.1225097126469383
1.1022382049612052
1.3235033642973324
1.302738657086906
0.6719313314767187
1.0283610657793354
0.8629393788428249
1.2396454616578236
1.377093754192383
1.0008901708372222
0.4148763772470029
0.7941846631532419
0.5625401408691292
0.5028080386529357
1.333562315239555
1.1739932584259574
1.0541624930206832
1.0688833677610052
0.8627331167052098
0.5063931487523977
0.9474983134290014
1.1376115610055444
0.987854503743981
0.956672959678853
0.6688019210775038
1.0895456544542355
0.6290596410555145
0.9874544220839556
1.2941376516789629
0.6630094582456033
0.9890444634484579
1.141315298340033
1.5590948569503975
0.5502441709613473
1.1158870965872567
1.3966328922012157
1.0357898569867376
1.008257179669196
0.7898685926776892
0.4998137943557971
0.934105116044386
0.6338864240924156
1.3773297558689266
1.3448116797907033
0.9919233973190528
1.0158594835793018
0.6664201227859381
0.5660602383842834
1.2072650129076714
1.0459885510341167
0.8259603704621072
0.5869898853621096
0.5669218967212244
1.104266250058314
0.7576090352740502
0.866507701097292
0.907064265565894
0.8348969997447646
0.2
1.1463404902472603
1.1099435258180517
0.5372653903575
0.6910770403975808
0.5129995388182017
0.8376957061049881
0.9493197708365265
0.38101721182643716
0.7200534510433382
0.9390681065282379
0.6623132255031949
0.7920637908551468
0.9002514971048565
1.0399583002162434
0.6422590567562716
1.0005335508592688
1.2662943840010539
0.7443204078327053
0.9916103523822493
0.5087907470304585
0.6357904161208914
1.1504338736207838
0.5059281731648162
0.9286654790887254
1.4213851713082455
1.253445369512694
1.053980503293119
0.8429783013381996
1.2255762620852635
0.8108366694101686
0.9729134478075403
1.4000529287931733
0.9771016369571506
0.7999600528127789
0.3626581851944012
