3
0.3
5.297835975900445
4.181323819640427
3.589689352286592
3.9459960841352717
3.500274697072986
3.818991532398627
4.014957891482651
3.2247827080298754
3.195202353023515
3.4584039974820557
3.3862968331572203
3.146926987525701
3.082436830262509
3.162778896674917
3.279401603277774
3.3378374529280017
3.374485292249976
3.661860971931236
2.9670069323294244
3.2253354853891607
3.0772004607907646
3.0711765888402867
3.6472616645497054
2.026275914021267
2.045455621143828
1.939215686039629
2.4126762730350046
2.485298216120073
3.0141537398425386
3.166839121132617
2.5433243693718652
2.824385127848263
3.1723291913026976
3.157960574418766
3.2275236390628264
2.4038697304818433
2.5585722708399468
2.691496834681476
2.623097627610913
2.4433015410607553
2.5087229817633365
2.849153086955357
2.2038458576663738
2.064495457797519
2.284516835965234
1.6486343103523626
1.9363720965247952
2.3665252538770014
1.8843233567027322
1.893164736039245
2.048469954803889
2.338093932831439
2.230021826113297
2.313734319030469
1.8461952704280986
2.1211241845474746
2.309385481838285
2.137477803357202
2.251861878471037
2.3269201175760776
2.6308067607240657
2.5781031170646997
2.350782538928637
2.1560181911153644
2.246891836661926
2.5160611801031516
2.7174411772779594
1.9679762347346574
2.363568714164383
2.0824992327293566
1.9586218427958901
2.0412045815491475
2.0582366489003294
1.7245654566582538
2.037027401546438
1.8522428540542766
2.1267898038716178
1.2927880690251115
1.739344042673452
1.5629671994264538
2.0113747763814884
1.3400069432371626
1.7399998130709515
1.9619369745003532
2.081403843762668
2.294388665165575
1.8670031653485886
1.9263782366768314
2.059058055462253
2.0434592449656317
2.182506757722348
2.3053267225698746
1.6468207984873515
2.167227869064088
2.1006344783524447
1.3070573893414639
1.8704115429769015
1.5137596214237266
1.3960122789311633
2.0340359348441273
1.5730585660145908
