3
0.7
4.306913171681119
3.75009275906069
2.868665199271736
2.35654605040225
2.355522564535719
2.2656796637444407
2.219655220856667
1.9563401663083393
2.2718200382446225
2.2574146268222925
2.152673407926278
2.153423810408145
2.429839546821038
2.3985947928538707
2.796237960639334
2.55591203779532
2.3163955792027835
2.5603942552355874
2.5089393336844172
2.5859162945041376
2.34001895032932
2.357856143871261
2.0499725184241915
2.203953955009606
2.3433691001758215
2.0632820252240807
2.4053921729546066
2.3307088982415745
2.1276435257884945
2.364573640017828
2.492112830642617
2.0572406018592724
2.545011065088023
1.8844044552792547
2.309803651097732
1.970799547956144
1.9435966026756462
2.08688822526482
2.186533277782495
1.9787182525710532
1.987373970401429
2.0757812833693636
1.970716790342017
2.0669616467242475
2.5520038072301032
2.3150483900531866
2.508515962047623
2.250778277786515
2.317226748243592
2.21661147872555
2.4811741634247193
1.851273421194048
1.966944364783292
1.918407782137495
2.2670170550847155
2.086051321420091
2.2037364985742784
2.328583210099095
2.249604680512834
2.6038713606407833
2.705800179766001
2.311219262418696
2.201686413046127
2.052104537653149
2.3413104585369053
2.3686759398204815
2.118554183554717
2.2232244230128044
2.553701879527085
2.062493323647943
2.280683237949229
2.0111891105947235
2.36264611147049
1.8736326539826422
1.8110181780853114
2.303306316798639
2.359309053396202
2.3803904962126703
1.9185105007004069
2.351109964830258
2.1413442358261614
2.5187895519879264
1.6830264552483207
1.928829117742731
1.8458311082436887
2.5195935364314157
2.1342388602909734
2.32892874908704
2.257577983319388
2.494472179735026
2.1698217720456743
1.6678404269139218
1.8167404409604724
2.328844100729796
2.081868820798757
1.8916092786435463
1.7234032770945464
1.8022783339195194
1.9540203556673348
2.2351163681456967
2.184024355390949
