3
0.5
4.79575256781697
3.7085088538702182
2.9758890816209975
3.0661599613820707
3.0363694884015167
2.17515309924248
2.17837507062655
2.252751288413911
2.4471059542440323
1.9578151452453814
1.5834698048151714
2.211306920506846
2.2145511445324644
1.9706009245864404
2.4766801384905484
2.869844334734487
2.6286664340779615
2.3637096602217964
2.9178374822819717
2.515177091446217
2.6439715992907855
2.3131545353603005
2.686653591318499
2.493603449527018
2.715270946002641
2.642074532432539
2.3017532135921206
2.1517075285488785
2.561474446526531
2.4532108031319653
2.496866771359824
2.8877621937204894
3.0338038576738935
2.4681362825703617
2.7831972232996836
2.562946356652346
2.7118859718893336
2.4547380038911606
2.7230925729321678
2.829666263314467
2.076055427355217
2.335088937648559
2.05889976441959
2.2886491351463696
1.846203772647599
1.6280242095947837
1.9771485942336622
2.1003706518837264
1.8064919076208372
2.3231501171632787
2.2154097564841306
2.287170833945173
2.3812885223196796
2.130339250350553
2.5979566239390053
2.461252533188233
1.87079561698445
1.6264464847187088
2.0554883027824746
1.9074769136220482
1.9556699392730992
1.6266042796318814
2.1327921660980698
1.6065218429365544
1.5397977212017935
1.6978294866002641
2.2171034401481196
2.2174718438098893
1.8613966702843776
1.3933540014429204
2.2203030231476513
2.5847813497314718
2.3153131569463925
2.2131454218075577
2.354034709017056
2.0648480430945457
1.7948105881058236
2.277859751225826
2.229869297504781
2.3822420177354506
2.225237772994494
1.6301639850505332
2.1297148515040787
1.3203130164480992
1.6940784793179262
2.090984898091089
1.8615266761325184
1.6744627531979948
1.9126603183293063
1.9703378509860048
1.4621227004773527
1.7537795935821847
2.0833221941666986
2.235322742100681
1.9338161916405092
1.9120077496212098
1.4569740839972405
2.133315134969915
1.6265635692856777
1.8061464378512746
2.0313697711631664
