5
0.3
6.124373645375448
5.857329688583393
4.714479190964524
4.465840354401161
4.433888783848228
3.8764387625583288
3.6107391999901255
3.9728476044227383
3.7132987900620433
3.0012812853575666
3.119144088556241
3.6436858085605253
3.3424050844327566
3.4776976808683835
3.379483133121944
3.4825905444383936
3.136722993324932
3.6258986677938103
3.047152279514762
3.2169850669839932
3.6159973238695464
3.550498519827085
2.585293082964678
2.6214938246709183
2.8020522789948408
3.1161236615355765
3.209154295685869
3.548455276647279
3.73478754572362
3.060053497540633
3.3798721241894585
3.6772066030240538
3.604723280840003
3.069259714678853
2.7088522304951845
3.021631677377376
3.1962698749371676
2.9693821044365
3.4698493772389143
2.9858300351841676
3.126899844911968
3.403520967049176
3.1644616625171813
3.323463296218885
2.874479884909626
3.148630884445777
2.9477634692788213
3.324293566925
3.487132324669923
3.128418631712426
2.9632674513740005
2.919388008869198
3.146070151848186
3.2582102732202487
3.3436139134683707
3.047785731883102
3.330555165778948
3.60066395965839
2.873490551040412
2.9358590436808703
2.967985388153335
3.1755874363846113
3.027118965543199
3.1823534894347674
3.38280523334292
3.018468554369922
3.158207908811758
3.2360008875972808
3.475217364797382
3.306692945457871
3.245733755288834
3.28342944164291
3.1065121557991615
3.0476328341278784
2.638721207726266
2.6663782416723834
2.8147716706365076
2.0627319220120452
2.5039122766045643
2.8796763116173527
2.631636392142174
3.0524453319425926
3.4080307645323358
2.895422727379076
3.0115041246293894
2.537971252479974
2.966955343828328
3.1975569018717382
2.931153128928945
2.824186596209926
3.2133087988156595
3.141771233112326
2.616207240619781
3.1795918358445485
2.8502424631944714
2.8958554061870183
2.872804719917613
3.0673258353098256
3.127530000906013
3.4686618023018534
3.4006539102272852
