5
0.7
6.093905216257978
4.721494531051223
4.311590444475435
3.8547854254435876
3.5172844538777412
3.59266632442717
3.4718235070296
3.7334899819021516
3.34086342823556
3.5738077737102074
2.6152805839406272
2.9545481656226267
3.085853880210593
2.828959327073142
2.5835229533957453
2.6774138880525347
2.6836214151124524
2.518543626962251
2.373003951659411
2.596936465759193
2.7978742579590885
2.9669952209852677
2.3137466461148932
2.3953078310402436
2.074520113126113
1.5278474300980436
1.970777190614386
2.3454662463138294
2.378205250913313
2.428506811176679
2.165447120625861
2.2251310987256225
2.3766401041189362
2.187805375305627
2.376436967681923
2.1794285806421114
2.4255168385847723
2.0494059039881045
1.998192433691638
1.985661496869162
2.0455414069340065
2.348065310952093
2.1588901678189822
2.089508401547967
2.050761406920098
1.5460146985882683
2.034205993531241
1.7826514411322123
2.128134621691185
2.4534566381210574
2.3722001939594337
2.570892709609365
2.573579453201364
2.3371440495122746
2.2396185691608617
2.570076984285614
1.5723631066440473
1.964900823666163
2.116861604574167
1.6789326406935552
2.0299498523934676
1.791706314625141
2.0252564596983804
1.9765719917671043
2.113877845118503
2.4644320509422775
2.3506339262387503
2.3337845348618425
2.219870213632818
1.686786780979847
1.788852490092936
1.9708480753108895
2.063797943045165
2.2123870135164703
2.295572989329147
2.011514266700675
2.054832621763496
1.6064618486488804
1.4846767272135644
1.5059696592450762
2.041182673599485
2.18660330256375
1.5154827455869764
1.873630836923843
1.5790968043954172
2.070940017884472
2.0685808138868795
2.0688581574898732
2.3205163131851756
1.8306061625870917
1.8848107041158422
2.18889743045978
2.1774042033131513
2.1594003943415094
1.7497692325601168
1.6423469860434352
2.0541595844556215
1.9154872157975258
2.302756873296297
2.4793791433166303
2.1126765656440987
