5
0.5
5.605935721084355
3.9379051838576102
3.7208038514477595
4.009614551358808
3.328853903989388
3.536031428155779
3.6138293800696077
3.89361020423166
3.855646062912794
3.923091408927232
3.251811273853869
3.0658747173463627
3.573354664959882
3.517081795262493
3.844956914561866
3.4619178851435253
3.3789901393807567
3.236262297532001
3.047690320701148
2.9121484513680866
3.198801361541289
3.193920183722392
2.8329405928912634
2.4857907619658306
2.14295802787433
2.6203439816098992
2.448868349029635
2.734003990535892
2.923440190490651
3.1363114176064273
3.2658469842558615
3.373326433301974
3.459667709897446
3.2588682230224664
2.989393688047122
2.693752734365512
3.1179385299774207
2.9930232248968833
3.0422638457026485
2.8727184702370705
2.9689163810384143
3.157009590695559
2.5835893292816046
2.837486947628665
2.882067359176654
2.9136573480451418
2.550238147758647
2.6600910428065245
2.793031713492401
2.6710367946584936
2.889694125420129
2.609087586963355
2.882021194039213
3.0591353127520633
2.70714772574524
2.667153380552187
3.025225161753258
2.693327303477988
2.2179396037033507
2.7021898816516208
2.903296028624607
3.067180900268319
3.1448983012667497
2.3833389479260783
2.5538723411045603
2.566577663497784
2.6731805167114864
3.043340951817207
2.8990102633197914
2.992194025365232
2.9358801028443957
3.0223516713935354
3.178929646535347
3.019659779189587
2.7330098268672542
2.9068933349800594
3.047539138192159
2.481532222732555
2.7569157873059167
2.7793399740318745
3.1248093549494445
2.676934777397482
3.042249624865023
2.2542104385557953
2.6092403752234077
2.44332413888582
2.199968093955806
2.55097527587094
2.0439945140603153
2.3989660673575246
2.284668610275628
2.238131498769523
2.0025069440870342
2.1321209733871376
2.3380976795098514
2.5604459552158554
2.107502526766477
2.314559877157792
2.6170701697684176
2.2099291008018485
2.259793636439878
