1
0.7
2.794066829817672
1.9965865372140599
1.679081570281887
1.0199394990505783
1.193371264976521
1.4398639705363905
0.9313983654357347
1.049196430823404
1.705496046468038
1.0707763544313518
0.962697351605448
0.8914589726924278
1.2190890334375781
1.1940420869570865
1.126062348638878
0.7294112167006864
1.0815277715999885
1.2342725825509704
1.0916518661942483
1.1110307731625977
0.8816591064281294
0.8837591529788588
1.3144698515350088
0.6267264854184974
0.877147816947718
1.5980741229400945
0.9901293906824684
1.2645270064654315
0.9741878596705877
0.9530002993955247
1.1080401268516202
1.305597812326024
0.8274120542297979
0.48596633396038696
1.1215810789186502
0.91067089459086
0.6444711609407063
0.7535468575297198
1.3670746701585412
0.6784026058907333
0.660902056988456
1.125478976396003
1.0353679843668828
0.8442208196918323
0.6607942545671776
0.20552309407756758
1.0342898001391923
0.6716667180270601
0.8308809451954307
0.5822182147429052
0.8192360302833007
0.8633934681224454
0.8922921830834676
0.5690467086714197
0.6294830805612218
0.5330013374738528
0.7817852639862171
0.520571281173235
1.1947104174987042
0.714741188457584
1.4021939353350077
0.5502903525604337
1.0561471085601533
0.47288418801002957
0.8854432230988941
0.8718018860637784
1.0408448284077885
0.8593152421042118
0.7261107339153495
0.9236123067250253
1.0649002511905765
0.9187731352167653
0.576509355744242
0.5517789796133614
0.6605083095896409
0.7277183519183014
0.9460812270407878
0.8684302377758106
1.1570539448856045
0.6491327218405315
1.1708913970803634
1.2378919068145278
0.8568543707936754
0.5550021785716936
0.9844510981570274
0.739901054696437
0.9282093452837812
0.8664505359956711
0.6838972181240339
0.5316147900986316
0.3982959318686122
0.6738879772591986
0.6753436334588179
0.4955541120858866
0.41098514085436066
0.6991038098819823
0.7332632047085113
0.6194205308383214
0.7856652473131012
1.0311050495510843
0.614468701088646
0.9887052854770653
0.48912333252598084
0.9301151395549223
0.9301205480131408
0.9246602885763393
0.6246338992052219
0.2722088861424772
0.9156243600540316
0.7591986232991332
0.9859927609782545
0.8568260681995195
1.1225494209752402
0.7601202727328221
1.0951733640461156
0.9621186854614168
1.0946547528286776
0.6442025956949164
1.2751251310679026
0.8742793646463699
0.9907554063882966
0.5699225147805524
0.7012683132102248
1.099720129084307
0.6689639728198228
0.8782119713458751
0.7714745538970649
1.2355652716495933
0.8290712290659961
0.7638157463899118
0.4811961104275569
0.6190186676931535
0.5948647685328758
0.7294885762744074
1.2229418766314701
1.174173895383174
1.3353001794121462
1.3689503035472397
0.4560770427112148
0.8400199630920447
0.40482390381853184
1.2409045236540128
0.76616368937342
0.3445951948489635
0.4725811274856002
0.6154114056329755
0.9546032070828551
0.8173293968637759
0.6098284436111816
0.5903920981848777
0.46872880601692835
0.4704959923795604
0.6254043387369672
0.8255520892967828
0.7153917844310598
0.45222461548779974
0.6703963021181554
0.8039896301398265
0.5733675189803277
0.6521435899981303
1.0006472066418806
0.7039277475190244
0.8220008251621976
0.6983165401845106
0.8883639476577191
0.9899684501126016
0.7905053026168918
0.8426176414554671
0.6930794121676727
0.8918994383538431
0.3065209500848894
0.9062261431584926
0.8009986840525564
1.0112866347260783
0.7481090308380154
0.529077211873693
1.0569423689582522
1.1030698744045089
1.0808863972254112
0.9643726744655359
0.9795500054467956
0.645294083818355
0.670761205075674
1.1470052648514169
1.0112528764179527
0.34929023969321543
0.8202128150343088
0.8720811012563869
0.5517612059111345
1.0217433024833273
0.9434360631048971
0.17209526995514235
0.36032385892946533
0.8378466992116763
0.2125749807408802
0.8728022418514195
1.0266888081084198
0.4880458639698094
1.0689265370013548
0.7297042023807375
0.9906559157832462
0.8618883199449483
0.8262806698581672
0.9218623479679582
0.6174487689367931
0.7783312155227469
0.5438578346041485
0.6554788424881653
0.8832224157529301
0.8819591830304997
1.009705290457498
1.2475551825366353
0.9411059830281907
1.0883086698057818
0.8224759700873083
0.865474313353008
1.2953209777372232
0.9295092475323352
1.150761847835002
0.5307437638567445
0.3006516669551292
0.8751623725310399
0.4932496658772978
0.8018743230777339
0.28163616155357996
0.7938187015288084
0.9717803902412016
0.89760184554519
0.9098621198317846
0.8723446801812018
0.4880594683946982
0.6534514619068439
0.5537616370519427
0.8618159222065195
0.6559697510695384
0.6157611354869766
0.948769778390389
0.9621350504669184
0.8991378220245899
1.0407831433081345
1.1634685283366069
1.0567829577778218
0.49094807839717836
0.5866979439440637
1.0065429036147115
0.32429935007203065
0.6589171714800361
0.7831821835238916
0.7749568085725503
0.7366288226871888
1.1460416522881283
1.0771924784408884
0.7970116538721567
0.8515407620916232
0.9272432239227418
0.73138179399197
1.03941790411637
0.8940814023104519
0.5546836001031068
0.8596106558203938
0.8886120643871476
0.9110789208251902
0.9213660570180146
0.8960100836421481
0.6644036467141093
0.5437772758876603
0.8930142321161985
0.9763077423592514
0.8748146075895823
0.829260763554379
0.7181588000907175
0.46323117875429
0.8849219741765715
0.7836154040554806
0.7576657489694023
0.7231851922176186
0.49184968333992407
0.7422510301749534
0.7107709701932561
0.3479166898983486
0.228398454009771
0.5451913665442063
0.3887849532577675
0.2991738449301172
0.2824585403877568
0.9731880462728011
0.8301658442415283
1.0437324556966023
1.031125068854483
0.5332680446713363
0.5292554989277709
1.2961613601287916
0.9594643915027629
0.42565351447371286
1.1211840746053547
0.8586047352433571
1.0424278248407557
0.7456741822596297
0.6573446222467048
0.6898817499725224
0.4569639807263539
0.47368701239613975
0.716410373921432
0.5558814182376017
0.6722218993829279
0.8371337212663382
0.39528317665197943
0.4644022632711752
0.8843856189774726
0.8640507313862393
0.9275179770935076
0.49447311076322437
0.8277977905112917
0.3975435390685109
1.1445620517648354
0.9532577373847415
0.6608823156980501
0.12167164452422204
0.834766462268204
0.3791900510974678
0.3163454179403949
0.325813545290184
1.261835976915957
0.7207757363001445
0.9364822775941816
0.6586284587413624
0.8785002242024518
1.1015825385137714
0.7018251644942587
0.8310346401283706
0.5968680281222345
1.076039688647472
0.8143626374261961
0.4958804681135872
0.7298840601511036
0.8167827097518394
1.0131971349591358
0.7614084325430638
0.8959545180439179
0.9750495511751696
1.0319941039413087
0.4093500256659885
0.7164121401505098
1.0839890027785768
0.9717497430372471
1.0873550924887643
0.4522361527440101
0.2
0.324526863250942
0.7655717697564588
0.5019724895438931
0.5926113981671653
0.6889927538729153
0.8434270117212677
0.8732680886681996
0.8616992522359613
0.4866042035590928
0.7022270267837298
0.362245111102535
1.0742685975888446
0.5779244740092444
1.0590426602768115
0.43102092333954206
0.5959808153504265
0.6797884036497515
1.147381969180581
1.2568422535839745
1.1228528045742296
0.6232151460468234
0.9741308180925591
0.7678379456609005
0.7499746716076372
0.19852217797498808
0.9808416205437551
0.9596410946711453
0.5782810160048223
0.5795186752652042
0.46002246375453437
0.73465404041795
0.3874918109399835
0.8305335131321693
0.4982125551499517
1.1288187756627823
0.9487041557854937
0.6235768434120053
0.7621345375274186
0.5449737430382403
0.9227342171240334
1.1633512277827118
0.9986962009786057
0.9876598961923058
1.107989854616281
1.0311972444276318
0.30875144126287496
0.7114962918580727
1.151062293813654
0.7074984648214027
1.2438618763156222
0.8180410780825802
0.7948247695442305
0.6688332173298901
0.701372738081815
0.6385099145251247
0.7153303706805595
0.8360013323563322
0.8030941981268065
0.38011298802520066
0.7034045976013925
0.5088896980357982
0.7384097282670735
0.6128947949689263
0.7264199738240953
0.41773969608810296
0.8453874702308817
0.22036317339189732
0.6770119617635691
0.8897996971573268
0.9220920596857131
0.7496633773931136
0.9915348291226245
0.6802617068266894
0.7044302864340863
0.7565601921597408
0.4033722141471041
0.8324947365601835
0.5945514612207086
1.220280103417204
1.0677902850304035
0.7726193947035231
0.6337107717784985
0.6328357217272662
0.5381285289914148
0.6943217420006773
0.5379537901280255
0.49135140101330144
0.7593347542549156
0.5482786659986187
0.5646824143192942
0.5166279761127852
0.6535367644024683
0.6288221911923074
0.8491683438292974
0.9209169722384107
0.4723512221214654
1.1027519195456654
1.1695323016290466
0.9455834912775523
0.9329637123590224
0.4767225583943152
0.9959869972552745
0.2557742121613632
0.22516187833505485
1.0230633559387061
1.2179504586075915
0.843061606092637
0.9091982772364762
0.8281675243101241
0.9877543989908222
0.22605930523740758
0.585308328961432
0.9981083735102135
0.8493474870384855
0.9136094670438734
0.643021673325191
0.6876634763424313
0.7529810644331164
0.6058568377143903
0.9536393069079555
1.0419935718979272
1.0237764982220954
0.6613518624345012
0.7697112750379737
0.7705145493022909
0.7581966585337504
0.9253287836142536
1.0782708638251575
1.3971342745194182
0.7919481674099028
0.8446162303813441
0.8296946837248542
0.8983550021672955
1.0816686076078448
0.5564722620968994
0.6404298904701288
0.617769965167436
0.7753005267855047
1.0817974962673431
1.054817775154964
0.6492617162724973
1.00773023422892
0.7989842214432284
0.7363619889318436
0.6431056022183433
0.9988175799218257
0.6771549587516725
1.101908474903919
0.6616197221906621
0.6818865071517062
0.8897250695730026
0.5425572884789672
0.9206951581915579
