1
0.5
2.639990450723796
2.135937393495902
1.5741205871858925
1.4063382486392388
1.6846537280519343
1.4197145649243033
1.5376607643775735
1.7630400227878742
1.764189288654278
1.4444844021632304
1.7946469868689303
1.8757952539609495
0.662606237376491
1.1077480943054832
0.8723138869715891
1.4560175643534776
1.5534788394048857
0.5465594439593964
1.5827083220737157
0.9244353949571995
1.2443102584216035
0.9805136883171677
0.7234197538064533
0.7792521241334522
0.9337674611288647
0.5586928586405977
0.9248346250811368
1.117918827801645
0.6684835649779062
0.6142232141186594
0.5237401741504711
0.6901363273199292
1.1384911490778005
0.8595044141369478
0.45027228593748864
1.0880208463923515
0.8368797719511379
0.5801751567764741
1.0741919060815053
0.9867652227782949
0.6483458867153817
0.41385876958799506
1.0815128062038988
0.7596320097980286
0.8941903624795309
0.8046325462409877
0.906545173306594
0.345284528668282
0.493559184877415
0.5812513145354148
0.6201065655785694
0.5728169218823107
0.8428316533062205
0.4921382431670823
0.4799639911288896
0.6074892921692406
0.4860626874687185
0.8303731576612818
1.102393841753314
0.6323382570756143
0.8283077761579802
0.933832219418844
0.9382532279150487
0.5734047784530021
1.1978489980852174
1.3336745986457057
1.124170613688999
0.8669463975396996
0.415618506763202
0.8777615530182281
0.974926924697303
0.5057692984973804
0.7364276955546833
0.6765538006049745
0.7432344911566351
0.2858779816468675
0.41300513550812185
0.17803615125093233
0.8127894625413766
0.5297124525582247
0.2
1.0548500429664929
0.806479699845538
0.8676316855083244
0.5050580181310919
0.27751426859268585
0.4746136574207654
0.4615995903582696
0.7326220370322958
0.8982149691336119
0.6544449890407164
0.39568980802785714
1.011481297876154
0.8678968601196451
0.9800006005803736
0.8107710211345804
0.7365536840199722
0.8720472383649085
1.1760074102053906
1.0618270699520274
0.583030671242498
0.5813727161045781
0.989772017094689
0.7643797844065741
0.9632549029591256
0.9883501699510818
0.6821856325837955
0.715510784334074
0.8940618969494162
0.7908284181663672
1.087542216806853
0.9195982424326079
0.6793079317006927
1.0269869390196114
0.7627318557158969
0.9534397753607294
0.6297862871869325
0.8575048890539516
0.9987746351427891
0.765329496482493
0.8225140845849704
0.7360823460580721
1.0380591786908608
0.857711348384315
0.7417215375127133
1.0727966493162762
1.2695913467540016
0.8523726957983421
0.7323137359324325
0.31376177666141497
0.5975826807525233
0.7415844907900977
1.0097891976388904
1.1799560332199586
1.2389694436163494
1.210035455298179
0.4602798864810671
0.8941211460390864
0.5128960487317752
0.27804706360716763
0.4759774273000817
0.8508910682489119
0.5295358301601376
0.7352274885190072
1.019496939135358
0.8186283388583254
0.36314416236188124
1.1279500292830111
0.8020346831412652
1.0293441438158304
0.7176165908460196
1.0601856210779836
0.17048103572989573
0.8332567998969719
0.6392314214878303
1.332822209127841
0.7538128982114964
1.2185153226947336
0.8650865472110418
0.3003889047416132
0.7750455598427066
0.7201414472603377
0.7595225828336929
0.7838771118422148
1.10012852764635
0.8525313658727178
1.2331654862876715
1.3622291469380738
1.4395996188807858
0.8489881885740408
1.1442871288357157
0.8429807085272849
0.6499386754114509
0.696417657564128
0.45478613797559575
0.24745307741245853
0.7838436935628501
0.6632997089689467
0.8029095460655148
0.8190096052386288
0.8310052460434871
0.7456927033171421
0.43334917857246447
0.8405335089354546
0.7284463359215636
1.0079234198664473
1.3174518371395483
1.4075258333870386
0.799531960833421
0.9308314174088214
1.1047706825857304
1.1984996681226037
1.0966339960381242
0.39022323399001724
1.1504228249589545
0.9321585440125414
1.0009005108009987
0.7892343420065233
0.0
0.5169925001442313
1.161484518229408
0.9876647553882038
0.6885661305826698
0.5518179990908183
0.7380533080886412
0.605078283644197
0.5663625116941363
0.6859301900354682
0.9049441658517212
0.9147104622345754
0.6678377001043241
0.8835017646094393
1.0775551101252654
0.7020516434984041
0.7838348367091028
1.1672118281733137
1.129805477348485
0.48619457611208305
0.19798273086615245
0.4093502604167968
0.9187027652163536
1.2912197921549489
0.6572447118490211
0.5358227511857926
0.9043634196317528
0.7633913273283742
0.800134497756804
0.5975522259797723
0.9037636794704351
0.7549423916795295
1.0550513521247087
0.9264792067604157
0.9520204275189739
1.4067388915965715
0.8903246847871433
0.9314521463487353
0.8900635705577689
1.305825320704178
0.37736024246584565
0.42215413971465665
0.8466278710799825
0.6676532677432754
1.3079092425608543
0.710001241222403
0.6244765082020898
0.7925478049547334
0.7082931443295111
1.5352384412580933
0.6009292548605525
1.0852046496817334
0.7014236078308397
0.6993999545977829
0.986744472759845
0.7148922689870513
0.7710418925333498
1.0210897549448936
0.8774719327961883
0.9106610637831516
0.32315491389691575
1.0762934474593095
0.8636654989173282
0.780306524793254
0.8981496735154512
0.8891146172285417
0.6249663085048137
0.8120584892345191
0.5532570824050047
0.9666671691063501
1.1835828131115484
0.8717678074325088
0.8835305725507657
1.0506823965447798
0.820259788695177
1.022169001433585
0.4179618963022402
0.6297669708561834
0.7492413699343337
0.890719198611335
0.9713259702192797
1.1742084651247358
0.6022967070559693
0.8233995025762102
0.536760588715343
1.1366880121263954
0.5084575761226348
0.42976697085618343
0.3608624492440978
0.5031205487001292
0.2
0.7611871033648357
0.9378447469153336
0.5877698486295829
0.3169925001442312
0.44838447120473723
0.841167311471833
1.143647935769581
0.6153279109508004
0.6449459028660556
1.074112386048424
0.9271512776455285
1.08257272707523
0.8825137752895819
0.6915770648504115
0.7893251522777579
0.9634382192352788
0.8162709857477346
1.1257366165867182
0.9942666562855642
1.2102639267778232
1.0239672363867938
1.0054888322211297
0.6915517027191469
0.6311757086350143
0.5959209733627864
0.8446232745301838
0.6923546697528659
0.6481947184238293
0.9424878469734917
0.932206074943419
0.765235428962953
0.8467508074872192
0.8967159550614173
0.835881578120382
0.8911679077453474
1.5465949815841633
0.7223960674211112
0.6590726817098462
0.9392250832508061
0.9405779497925728
0.8270365095006145
0.583310672302057
0.8062468595109589
0.5933860136533152
0.887835050273036
0.7241767918394415
1.261074584032763
0.8860471677821813
1.3816636855607292
0.8288600451235478
0.45314995022789956
1.1958810119568115
0.8842572882520944
0.6734617120042989
0.9879345237204674
0.9918354261320026
0.9237397767898692
1.2774167770603964
0.8882614164059334
0.8474227156303055
0.7972251488488636
0.7263524182460339
0.7699379582957709
1.2491386187473423
0.9391062240857717
0.661399566680036
0.532956349301069
0.8152524656783884
0.7112858463120153
1.2032776242580738
0.7876627191699972
0.8310488245434389
0.6051323277693484
1.0251712316152861
1.0265855767426149
0.7406908716400422
0.6689542163647058
0.972330631859994
0.7457525018224102
0.9703304422851122
0.7803868461759338
0.8160378596820153
0.7283939542689432
1.1837528245808915
0.9969869508750181
0.9347955204118463
1.2823977648770888
1.2704429206696024
0.4767798471978188
1.0261578863462604
1.1237499258804486
0.7753862472209903
0.8985994885631545
1.0203601537373566
1.0339303505685264
1.2957914512287334
1.0588060035144546
0.7369152743113159
0.7257966319083339
0.7325341828200178
0.9301563637411446
1.2259083215449746
0.9594228107611581
0.483776068261528
0.7866182598364836
1.2810457259983077
0.5003240407632841
0.8479771109462174
0.9323123288861623
1.1061353729840229
1.3867597307926274
0.9341120706065592
1.0226529130072646
0.9998258847847603
1.133071301251037
1.0447879726581966
0.34537561987100274
0.748216735632864
1.1360017933689113
1.0341650471926398
1.2030622418032966
0.9256998461963976
0.2767653556612716
0.750539883717777
0.7651224237919786
0.9221612293057964
0.982102578241349
0.9821183754351306
0.5813107488145388
0.7601116402063806
0.5169925001442313
0.31392854023653843
0.9679173204241478
0.522059150910749
0.5305542468761955
1.355324148943375
0.4640044824213696
0.6423587868406491
0.8689961076934797
0.8476605019643513
0.794356984197389
0.7594249173328623
1.1318237177550041
1.2952173873280781
1.2041246439251985
1.007894630216747
1.1807829683738207
1.2369723167893347
0.8470908792180074
0.7673757985078585
0.8096060986337591
0.9234898218576857
0.8239517278757738
0.7112040412954002
0.9642600918666748
1.1209440834250386
0.8704915353305365
0.7178762159760469
0.9790056314005829
0.8373544840209559
0.6157405127199134
0.6313107833041594
0.8355762724511084
0.7657795126728508
0.7247318200318679
0.9571346474502889
0.7041136242924322
0.8490757194827573
1.0036775918635643
1.5697528115288772
0.9808098906599462
0.23550285078716787
0.4208685687403088
0.8577612953164436
0.8102667664211879
0.972050156607154
0.6346768360741248
0.4126133139931035
0.6186636303218259
0.6483106642646937
0.6545261032948115
0.7235790112933719
0.6472467216984021
0.9833954522997844
0.8474982700901073
0.8985031271196184
0.8788107625175637
0.7246892184719982
0.5169657534533486
1.0031466813921646
1.0685446421676772
1.373710289152553
0.914702207153962
0.6996529863367913
1.1886410985898952
1.2112171072777667
1.2131835139008682
0.9104746518119361
1.1040609309385356
1.2794731525611929
1.0474546814195231
1.2881587680834943
0.7340235414933826
0.8385971237629979
0.8806783547390973
1.20967828838875
0.4715042202192702
0.5101656539407512
0.5765606116314723
0.6828150974262939
0.7186487417181392
1.133438383046918
