1
0.3
2.6063410586328537
1.344092198483826
1.5373264665648745
1.3159450078439856
1.3450245133903342
0.9483637528037899
1.1217811340605208
1.523456293763545
0.671472189237206
1.1179875529947982
1.2627890780768447
1.3587181164830295
1.5591714465752884
1.1594827572274191
1.0944180264687255
0.9611199792645808
1.110588034245349
1.1119195392901775
1.5434822690528065
1.7755216561166278
1.5630891431468856
1.2909492527705853
0.9902408552911405
1.099026949308795
0.8798644840916314
0.475368211935452
0.34143991659565526
0.931990156204401
0.504500203611929
0.9892369887258919
0.8667515994993886
0.8582040892289188
0.7362922837177086
0.9439953649235016
0.9427454748479939
1.4006058864295146
0.9224332402788894
0.7976975005325446
1.0295790788846069
0.8164277996010844
0.9987234463733488
0.8406173498694413
0.6459868888549485
1.0686814503868063
0.670911376145659
0.5593790135279398
1.029593227840587
1.268021001993862
0.8356013778740984
0.8556219720577138
0.7782898690008926
0.9091894870095725
0.6942066408886961
1.225156471752738
1.0735071915927892
1.419231409822
1.3579783812902297
0.5642036568288572
0.5401592376302959
0.8903264882135946
0.7916514862661578
1.3433005991714393
0.9789239463587485
1.2368318960014326
1.0440732837723767
1.0547175694272903
0.6203979841857746
1.0774710263258998
0.6982674052618186
0.7908714281691182
0.856526022907795
0.33046227538532935
0.8348404548274317
0.6323887847864365
0.8109961258860757
0.8897819196055075
1.1959653366521306
1.5229399925934608
0.8207498547146468
1.094336089431509
0.9404481347186504
0.7488719571527602
0.7403255400378359
0.927265373660307
0.9656531090594566
0.6579542817867485
0.33071124322158785
0.7621797265826288
1.2541319936260467
0.912727136119136
0.9306663932667643
1.437834601310822
1.394042962120786
0.583324083509559
0.9310844501811817
1.1280474698139553
0.9758819873726248
1.4410692960829552
0.4281916291399206
0.7235402986138861
1.1157337746552107
1.3880416240433724
1.0297526704406164
0.4054773585011735
0.525729910429285
0.36127493433362656
0.4472428766247356
0.6096841598738919
0.8647257099053816
0.4728691320854764
0.6652051545278432
0.7830044896104134
0.7507362616277249
0.9198162857760728
0.6702271550777013
0.6102510555279108
0.6794834369615351
1.095144658421946
1.1982399455361938
1.3591134967624041
0.7433970417018505
0.819720866685343
0.450685622008803
0.7838199527570952
1.067576617355467
0.877025243118754
0.5686599916157367
0.660090061862127
1.297196820837336
0.8648692245601763
0.6364993478315935
0.9503774684354699
0.8268825657776819
1.0620786192026148
0.8524376073915931
0.8392311102552776
0.6766397867051139
1.2025583145232424
0.6984067897998723
0.7982659354894344
0.6739790701752116
0.9083341108279503
1.2007926634745179
0.5096273695721469
0.9201247234819416
0.43665836501205274
0.8463464203727012
0.9420345560820588
0.47118308003530907
1.3081981680006112
0.5171400862910471
0.33127837021742423
0.9069516825974311
0.9233355547667831
0.9058889770601068
0.8161111327659978
0.8485976728132281
0.6246253122849585
0.9792516885931697
1.1395706184800516
1.0942595573130585
1.1169017471576683
0.8258296245634726
0.7960304158036742
0.83966437096976
0.7596277759420929
0.40662425952989645
0.7599428156304894
0.8451300125678289
1.4804639077809612
0.9888276904084481
0.7488808784731826
0.8947382515220006
0.9706090033569957
0.8271585848521777
1.2954082321958709
0.6184265618102265
0.42688530253989787
0.3
1.0963211538347581
0.8248744188367271
0.9992357112567355
0.5657366400482886
0.7522539771025467
0.7648893135607846
1.0955280984239086
0.48293031877560866
0.856420470326335
0.7900684069409548
1.0862424794306662
0.8355654760685589
0.9790655107877122
1.2075711786558159
1.545205751582273
1.262299986438595
0.6822476349489188
0.7436296183553861
0.9618906439586306
1.6003557575415097
1.3525303295941398
1.4704943984309788
1.3507001457850596
1.212902252122186
1.2358430335042734
0.8094419889583818
0.4691089999071
1.1951977225218577
0.6887019521705765
1.119139650221201
1.2479683195469717
0.7694883943878825
1.1102722883303042
0.86838768132403
0.49178130608815485
0.736974446424044
0.45163507302865524
0.7251368423831142
1.0636973615808
0.4717477269514673
0.7532294438063882
1.0519744459595752
1.1110832796130388
1.1948019718466838
0.8009314564376204
1.0730531155551817
0.700805181061199
0.5596996857416388
0.783181414951508
0.19371734330911033
0.6968586716545552
1.3326210370669662
0.7239697912386787
1.1042420626618596
0.9701984659577404
1.1406458467814145
0.8577411063723378
0.6900912129692817
0.982856825134973
0.6333094346811394
0.9261688602401424
1.0232114480356196
0.6501514365918118
0.573254411580986
0.37102552187352833
1.1540546480216467
0.6715004922080345
1.0604792614846479
0.8291893169499559
0.3549066356711816
0.4449603956871487
1.0170099845033458
0.6907771604836495
1.0778448275053816
0.8555210131555379
1.2394406390560646
0.7279816193266719
0.3750421054432292
0.6767980455792616
0.710252558236099
0.8374582235052361
1.2075918812615933
1.1350046390786124
1.338804187245105
1.0406066560088951
0.8174280065472292
0.7799276881544573
1.5181890286636033
0.7516817580992436
1.0792129834481838
1.1768823379798015
1.184046947723067
0.8586333452117886
0.5397313873355051
0.8909895126817977
0.7557180442874474
0.7820417466386059
0.7792158347706304
0.6829540714357766
0.8263307710829693
0.199838132626099
1.5926559647154561
1.1888150684958372
1.4197205185532495
0.5623764077246843
0.5886277215529715
0.9209185198826084
0.8258096547100375
1.296475789234807
0.7915492595500685
1.1211278309031747
0.7156156195189405
0.8000099293987862
0.39577677051314514
1.052387273554985
0.554992277642737
0.7310054433699102
0.26582074178788
0.8237840474746125
0.6813623742351861
1.146221374519524
0.5750610542738009
0.6947473735803005
1.1901605485329818
0.7701706002446678
1.0188180377954412
0.8844710525981869
0.9777003218286824
1.0520794121965513
1.2092512469810874
1.1669199009264344
1.4064228182135614
1.181709294599964
1.2313858496837748
1.3298500101298618
0.9548784036392035
0.5074163984061242
1.1739742260352641
0.8895870157708533
1.1302970301417297
1.120248702496164
1.0031306383487095
1.397223915341982
0.5534582544710918
0.936300947515236
0.8593782336953215
0.6116427414761881
0.27770036722781744
0.8002227758465624
1.085295858659979
1.1651289847570305
0.8701947148265224
0.8586959754776272
0.9862156992460929
1.373740833986134
1.6528013873258516
0.9023728693107949
0.7160887575600889
0.5632665414110349
1.0760708995876662
0.9753383743522651
1.120280965952254
0.6374850861798412
0.47587691374550634
0.9546832729860775
1.4209392412411863
1.2468218714781982
1.246334335053202
0.778353830800023
0.7373609637632305
1.0602539453297424
1.129329742598733
1.0781736586435593
0.7185931845750686
1.0786814046757727
0.7280535954057583
0.7799104838667821
0.636404857606876
0.9045380373864665
0.752553766806003
1.310358899959263
1.3308243799158057
1.4887649777072434
0.9308157409523197
1.257063002393765
0.9227930295753666
1.1655410275998974
0.9526382147032268
0.8240995748181306
0.9929920111894042
0.7503571323465996
1.0254016389171055
1.189043169560234
1.1708365782221752
1.109446813861181
1.0354663740639587
1.0898189827042448
1.4552032419428285
1.049561199884394
1.06959242141024
0.9466360165365035
0.9186088546636298
1.47161853310699
1.1673940090531982
1.2040239609445356
0.7871755969879368
1.0347488985103122
0.714440988734694
1.1716085625748645
0.7673695895063821
0.8038471642689442
0.8870766807493226
1.0192406886537557
0.8793653543368615
0.8489897416946917
1.2420353731082519
1.0164808361989244
1.1211755725376114
0.7556233354327302
0.6019689817964562
0.719426014092097
0.8787360467250254
1.090374859307237
1.1082026566456342
1.1425641954493284
1.0450719685875243
1.2033053483870557
1.1611739570647495
0.9569243297297992
0.5111044333891706
0.9816153721842229
1.2969505971443849
1.4613209171702866
0.95477438690804
0.8091222230033666
0.7338650841571692
0.5630474457526593
0.7169306698651976
1.422921599233176
1.147423073482209
0.7909261894084022
0.7331984266399362
0.4934565475544689
0.7260939240615756
0.6674283887584641
0.9483034235218144
0.7648492988981965
0.942223147221625
1.2205476157523547
1.2125175649201463
1.2301808015598699
1.1999353610955144
0.7017176479968563
0.9613857103238972
1.1342903217936955
0.9022040624076201
1.373376030404739
1.4690639367852711
1.0840805037408898
1.6690399167574714
1.0789015023093025
0.9050009362699317
1.0944298777495456
1.0290565721752796
0.9040458434762236
1.0730996931115775
0.9802132248267738
0.8975023896903958
0.8803645082436209
0.9823849278111307
1.146680534068556
0.6460197866729064
0.9958922881425568
1.1794538991532613
1.1184766790351561
0.601196582092349
0.8956772911529296
0.9232874829379355
0.9699626928586891
1.1680677925099483
1.121372177811517
0.6618339100535068
0.16807173432182343
1.030660238316307
0.8374441942241984
0.9166827843377039
1.185889313232464
0.8032442508706807
0.9731044715676799
1.033070271157926
1.4255301322507754
1.2746965388828908
0.8602385562354241
1.1315362660237969
1.009031162644839
1.1495070745552005
0.7662160740681887
1.2859296885554556
0.4075544830525885
0.8678967896932998
0.7341350608587172
1.3420591789594933
1.2481552316301443
1.5153461216015194
0.9910439860448518
1.4227654522218072
1.1266726402514753
1.055958622353712
1.2639851902260468
0.8627185886975222
0.5298203348698565
0.35946530202948845
1.251065467770419
0.7851659331431985
1.0973864601421064
1.1731683653436003
1.1325336479390598
1.3351724356928563
0.7941634556435282
0.9855645616941123
1.3559991747600215
1.2498410344226492
