3
0.3
5.367292374830515
4.320088017701575
3.466436140841933
3.5448298983750144
3.1081795907027456
3.5967473554460954
3.232471031848246
2.954271015567394
2.7054769898790156
2.978906026755414
2.9021859684456794
2.9477181108546846
3.084907266706876
2.713827422152326
2.917223546198252
2.89635392588238
3.0740798576567547
2.5874037598219295
2.8722174293165996
3.2603838115408963
3.121613626632489
2.6112064678501414
2.5565898860349794
2.3027449310303587
2.5139274447258386
2.482887829972789
2.8433815324671476
1.6928056742746052
1.9633973462290153
1.3150102616397654
2.1307870227276724
1.9047813124323292
2.2496324703117634
2.4121846109542124
2.5525380912906654
2.4614599072401893
2.768165104067851
2.6977290088433166
2.4863763151324254
2.956392628418431
2.6640424584791944
2.2008108154837314
2.6787629064513707
2.6872162493050795
2.47222863086423
2.5292387536848366
2.042840300780142
2.083984307035956
2.745747940014681
2.3628792152574944
2.4744877665976133
2.346024877940161
1.8507817151312325
2.241091958575899
2.035671798822681
2.188337306368799
2.4245645782062795
2.7424341294319046
2.772276531233575
2.091950386906934
2.502523118170051
2.0634034955952134
2.063886351644686
2.085456715523338
1.806796522351517
1.8268361896001266
2.1243479543482673
1.9728468318583214
2.4768676277664574
1.9880633666036414
2.1369947639672895
1.7471341473282305
2.1114326028486126
1.8289659916658116
1.5924356555060528
1.9325458440278473
2.065801218731464
1.8171714954399392
2.287451678336354
2.316720591858273
1.8672112289126097
2.2751083836517685
1.727257308914913
1.503691207642515
2.3421287141429477
1.758762604177424
2.054009989687748
1.9647790517496468
1.7921593950304833
1.8197032781286815
1.9018273512948323
1.7835756176524746
1.4029829826332576
1.7904732099437932
2.054189274508351
2.1502759190235046
1.7984149934148923
2.0211451553059687
1.611560123957148
1.5516091790815534
1.4511260549254672
1.7740921808886394
1.404447339037325
1.316223320597044
1.2743550570539957
1.0138982760177253
2.004336811673146
2.1005632708675783
1.8657519212581313
2.2048855915265166
2.212008504991184
1.8289633825141969
2.2564637425681258
2.1048055644826027
2.3320728177490246
2.127836479606171
2.0659984761053685
2.1648285318377356
1.5304304614708566
2.128309910313559
1.5998850217874943
1.5754556199130547
1.6868330798260238
1.9992752741482023
1.7464560210706637
2.250977254540247
1.980866264542276
1.619166204830678
1.7157481601669389
1.867793728115688
1.9249266478832705
2.301805375270142
1.9411942117870953
1.3329634488942737
1.3438386133734102
1.8206121179716674
1.8802648841944278
1.5021988639166872
1.92991217563135
2.2757414646493923
1.8541954212664506
1.86203303887985
1.8429062063276433
1.9570731946682733
1.5803357378137695
1.9106167472516458
1.3231234311704976
1.6391487247534962
1.9429533728706616
1.7767843916739499
2.2457697524313778
1.984063588051762
1.9726576159477773
1.7853524810525028
1.7167764270058576
1.3173560315931698
1.2765237900903539
1.3769021253914484
1.5609351832927614
2.036346236363171
2.22802750975925
1.6307386345320591
1.8792145792748187
1.9020142435355176
1.8481173613322823
1.7047922035570267
1.5366676032051683
1.727675305184766
1.6949893944563876
1.7977522708737674
1.7580819736099982
1.5070939829913583
1.9510459674818477
1.9646868814783958
1.90855452655647
2.219990495640426
1.8701059007295768
1.5466473666770546
1.545894399635403
1.686073348223259
2.0024505130073065
1.4530444728475804
1.5719623481824079
1.7705995047981116
2.147029936098451
1.5623336807108195
1.598054257461114
1.6768207777230082
1.7199882019322719
2.1162075824599675
1.900800500176548
2.007081569310612
2.0787424679485484
1.9300472554900772
1.7642007601312428
1.6076472259362142
2.0421750335574425
2.1240339395391934
1.8718612702416184
1.8927998040301943
2.179505031821365
2.427089049161424
1.8381145252402717
1.9611058392404785
2.179483313692748
1.5715742137080801
2.0369297569534868
2.274946254522326
2.136455336549383
1.6991554774092148
1.9402016592941655
1.9794217939293541
2.267784345019887
1.6850433113259544
1.4070166588105306
1.65144561748463
1.7500147423935328
1.8880639383824864
2.3693806693830126
1.187895369109388
1.6606269082063996
1.900536841599744
1.6639853164626692
2.235815240389683
2.112967696218193
1.7976627427400724
1.995438437705944
1.8687007140718486
1.9736608561340465
1.6905520555063103
1.9827487544308808
1.8554806002129882
2.0373856628288385
1.795859642971886
1.1963445187566655
1.1705443457808893
0.9371597006370516
1.5583676797792556
1.9485182880242988
1.430249896278467
1.9503860845071714
2.081760127783837
1.8371439557655886
1.9145229844914717
1.2116698046022467
1.314394442899782
1.4315864128496045
1.766034874844371
1.5365882717054786
1.254418498683024
1.8424581360333714
1.693158617388513
1.664186794394285
2.154041751560856
1.6697118721466147
1.3234518739912657
1.280499977403538
1.6353662255801495
1.8146505361617358
2.22715655725206
2.114039047392749
1.2874529922522373
1.6988074056103446
1.8654493165340917
1.744023025592017
2.2109457309841196
1.319315048262049
1.689170989265443
1.7624391240355837
1.7795312510373507
1.7712955140887292
2.264820888060867
2.101094754157603
1.7632787067849012
1.1573202248621501
1.8660767911353708
1.82391651558037
1.7849996002480277
1.9289277925917783
1.6782445718545467
1.7145428091447954
2.2974299916087575
2.160737085599385
2.2677586132997725
1.8414993350614677
2.103047228268554
1.7496237588920305
1.1358022714947986
1.9455142643442553
2.246569202100311
1.6438375407731534
1.8774156617502047
1.8286933032587527
1.606754842252674
1.7328072820749736
2.0562254074205066
1.8168025107998784
2.2606323006809186
2.213782216206087
1.7211123902094712
1.4025656836186906
2.147213629983289
2.142728135648974
2.2328085228548047
2.0315693300735074
2.3588954842809624
1.9582758541543401
2.013340749506961
2.108602417706737
1.929530978687233
1.94393307880624
1.489105686901165
1.5155560078204666
1.8413657380137205
2.1774642667095976
1.3174845255716592
1.8251440276116928
1.585489862658696
2.315060026037167
2.0144274274850207
2.3504269569564498
2.3088126413676253
2.5933895510369376
2.5176292210131157
2.08027060018677
1.493771332591657
1.4870096028024347
1.9255089967249337
2.076142265992958
2.013093361327519
1.2838858213422868
1.5417278344428162
2.2323847195588016
2.2030245041164798
2.318264607553134
1.7964529707831545
1.848356134483722
1.9791843008948398
2.1008520947331797
2.1805441522558753
1.9741716931314426
2.0058332681770663
2.139741581214396
1.909774790092999
1.8372444637898078
2.1541840810536175
2.2119740662298493
2.5165904449798555
2.3130504998220287
2.4028235793943837
2.025261956703125
2.0281289478053477
2.4184321152194648
2.0509113026118113
2.1902438252039524
2.1495492896533293
1.874491563570663
1.6055838235933333
2.005225413735046
1.8899133765993228
1.3841546049903204
1.6976395125461572
1.474084971319598
1.8350184211995526
1.6374732511608456
1.6988530758229232
1.9903188251749526
1.8372198612672492
2.109098478423741
1.841633869410233
1.9153657249038811
1.9656948197013335
2.311802635145859
2.0374689492855262
2.146140542338766
1.8142938153488093
2.235506433994557
1.83301023081625
1.7612390018464894
1.4183396087728872
1.7310560141099702
1.2916569522457713
1.9117542167243706
1.5865315143501673
1.762747978058266
2.04878262047786
1.8711001856551408
1.6107260501545284
1.456440833005443
1.2581174084225328
1.769427547845855
2.0588240316622572
2.075701517511523
1.491869003016234
1.53037847798504
2.096585966009652
1.9811304922660582
1.537937193667437
2.0532383388344373
1.7265692000520496
1.591996920821611
2.4000960788545163
2.3691655221674153
2.4764889101894134
2.232739112398066
2.2907178397290373
1.8828076419353876
2.3799075629364674
2.2299099881980773
1.99628548788336
2.4165067991321485
1.869810412570693
2.0979269036918615
1.9031972823284573
1.596762649929468
2.10243516495956
2.261694470862158
1.82796814663782
2.145923353274277
2.157927543061758
2.3799712832664404
2.008767210827824
2.617364066023854
2.380720701858231
2.20670048069472
2.2596818640898166
2.467451376468228
2.412688809728013
2.0831233377461063
2.2363936068591728
1.90103484976026
2.530200761421782
1.9774100515474817
1.8255540141833912
2.558873150631695
2.431806789723468
2.4743877670327583
2.3049754017389104
2.4189473128429895
2.1148891301988
1.8960045568426025
2.1738849642851688
1.755394426698005
2.1601686632013153
1.553480054785525
1.9512289476327633
2.525899245869659
2.2672344493720082
1.59660119389154
1.983232917886061
2.358581366985651
2.310997778930288
1.999955577813162
1.8563522453850356
2.377198725153232
2.0937010349040595
2.5624767378725544
2.0753167827838177
1.9012750594921823
2.1990361865413206
2.6617868793800783
1.54437859750056
1.8381313915639939
1.5205478599576292
1.2086288272713837
1.3807065441243238
2.250642871141671
1.5198609001045633
2.1018944647328706
2.1628561154618717
2.3604279590266506
1.6888386723073345
1.9584402489630375
2.227777053580147
2.15771865311579
2.194993425367121
2.6104788313170366
2.2343996431314186
2.1159382908440327
2.057378968106732
2.183821618530231
1.80357076472486
1.8720575758964682
1.648062305353863
1.9389886516219115
1.891447655184464
2.065317186445151
1.9768172908578876
1.7259648118434558
1.5102315401004538
2.055587499562768
1.9298593429428728
2.1438225244583444
1.7975668397104738
2.10594144706041
1.5280457625271577
1.9594699406387217
1.7610836955342226
1.990320279142208
1.8548210172853534
1.5375565791873567
