3
0.7
4.335761932329287
3.775056137200425
3.2993676904523186
3.143306816109468
2.9405097007926098
2.3841745543111617
2.0990783868242793
2.1298825515147684
2.1328565889936533
1.6144325700558326
1.5881451555333466
2.0752813364756575
2.292453325176404
2.26293372448061
2.468847905400666
2.5877501649161316
2.5623558308298104
2.080003482550209
1.7323561248938624
2.0764070945163158
1.9313188673618438
1.7670957015238833
1.7950607505595007
1.8407682638825809
2.062061565351994
1.7492361027101921
1.6080706437816719
1.8714545076864202
1.5881370324324067
2.088192595613015
2.2446027498827004
2.2461097022388774
2.220149452200139
1.8038950694930942
1.7193158768694883
1.6030066393634474
1.671212413354393
1.6550255174385828
1.818157558717522
1.1239912862197379
1.0754299963293572
1.4269036491782792
1.1351606326524024
1.1428750805585366
1.3794785683627602
0.9169537746069402
1.216632173961698
1.6017160941079047
1.576315573390763
1.958914481911273
1.291400523460373
1.1875085517828263
0.9534064959126672
0.8562074138929825
1.1118261743713036
1.3365027849399485
0.9590180789653576
1.271492142400675
1.1265744660813959
1.2708757031216409
1.6916038384406924
1.4051812226498717
1.355897346325555
1.709460881935049
1.5040788873708906
1.6367324069023532
1.6149938604733312
1.6005360512076146
1.0555379333993302
0.9294070829838411
0.9305660537175957
1.1531425266266617
1.551759592722909
1.4237873209567098
1.0296903508267907
1.1294142433402792
1.2532325776459157
0.4796982979608403
0.9318189275142166
0.8819597353857324
1.1690495241282595
1.2611177709485502
1.329648911105577
1.5424993431740972
1.0149866659462754
1.4716828914810007
0.9459714714470803
0.6510240825433278
0.9302443291116838
1.0597979409729517
1.1363074623759197
1.2083937312757818
1.057072297133466
1.2969529834143914
1.0618062694113508
1.2260278575893484
1.1896616113112548
0.9312324529962328
1.3199710574379828
1.32472833981747
1.4867849671968159
1.5987886140832654
1.23513994954103
1.3495353781624224
1.5089527050889793
1.1204305338361862
0.939619512672029
1.4502860951360508
1.2038320749076867
1.0174308155773784
1.8140394173203638
1.6645595940268503
1.5875791432590667
1.6129190691559683
1.3256363967315952
1.5348785178178677
1.618642434692981
1.5760920494136452
1.3727045829144533
1.0722943421464828
1.345768198269725
1.4586017294346643
1.3276689961033619
1.6303502168539403
1.4704785829951217
1.5756782930471607
1.0254067721266957
1.3826914430232224
1.5777518677526516
1.62483163033925
1.95392674558996
1.5592176683127557
1.500730000685861
1.6430911631038618
1.4323461147962535
1.8255032437865097
1.7374242763491794
1.3870165229087696
1.8977147968690715
1.7286976363873012
1.900693046373417
1.80902721157664
1.9129988162781006
1.6594281432609599
1.5989644341933158
1.572419438465893
1.7476056544134249
1.8890674116607253
2.0607291479380887
1.6276496397401925
1.566848470555243
0.35169956413137504
1.3116310491805425
1.3942026181778409
1.6749677725824577
1.717254746306778
1.6507785613421486
1.256461776091038
1.636228731434032
1.887465339003444
1.3016997931720655
1.1376170280602111
1.4618158052701058
1.407404997973878
1.2806014371061667
1.5976890026569812
1.1119025799286437
1.6357728812914132
0.9565011270556745
1.5818816209061946
1.508621307755919
1.4463678229328885
1.7349036879191786
1.172252717090369
1.5030401823098796
1.8202446906366412
1.7467333588398577
1.5828695328872961
1.6517342032446494
1.173777381766355
1.8149914915131604
1.4799330663726604
1.9001722096333762
1.61912326597906
1.3858220954190725
1.5546467323297803
1.9358386514777521
1.9638415939306717
1.922525996000179
1.9162316314456358
1.0900530679778861
1.3665733731782816
1.531818851417375
0.7061555931475048
1.249522519803125
1.4940580812767412
1.5850779365537104
1.3646903572414133
1.50380338417219
1.7627788337076038
1.3627476124555238
1.0400494652101948
1.4765961509544145
1.6105296457816594
1.213968514146776
1.1899491534249271
1.3664638513635665
1.4913862059217113
1.710997178730566
1.3860329550850554
1.8595309513194596
1.5437484931416834
1.1083582647670727
1.3388142905551033
1.5585762450338647
1.60639711246506
1.55488551239788
1.5777564612646366
1.3017195612315802
0.9985904980451252
1.4176885695907604
1.0195376866705508
1.2539982673119545
1.110179615469581
1.7234474102083308
1.2427062360845764
1.328597878067662
1.2876612234803504
1.450624958812514
1.3131386345408902
1.1272583391091966
1.144282558411197
1.2065908151408453
1.0664709452743093
1.3050720592885214
1.3149736979960438
1.7490640239253703
1.4785467864678226
1.6612041804319584
1.41087413616935
1.0991451396668401
1.689875912522639
0.9061567378354447
0.8931754194440987
0.8248563856861976
0.9103489507069453
1.7855428791666008
1.1749561057406233
1.58908596293197
1.552631909786534
1.7508308251827276
0.8200665296165557
1.1220007358453086
1.674967437324502
1.5487269271188087
0.9642290343795354
0.8622249608195812
1.435620863197217
1.6342570547670672
1.0850253975964854
1.3037798072682893
1.2109519191641613
1.5677038142562028
1.4226489219097347
1.7336442944026071
1.2798164325681858
1.7558136753085996
1.308817531635638
1.4962464164591072
1.461365958794079
1.0289712114256593
1.4485003589018237
1.6546064489874297
1.441608983161921
1.387460796066947
1.3538093551748596
1.5644981472709127
0.7557306530387304
0.8581474123766327
0.4106484884059477
1.1802763311648081
1.1066674585824032
1.2836579576448401
0.8194691665015335
1.5920450766208358
1.0950030735516758
1.5820167064185633
1.267406059364442
1.20909511234851
1.584731118357952
1.7526379832953496
1.6478975097012178
1.3736776461271838
1.0960012713007423
1.4063657926621778
1.7169534907211386
1.545225269047957
1.3210135914755756
1.5090746620596895
1.43780039774358
1.7370937394626373
1.8311821455768817
1.7698205188393448
1.70204365027027
1.8521618320660391
1.4647912760307311
1.490674132386426
1.1494618612491672
1.1729464699860173
1.6366579473460081
1.652897649696735
1.351735830584723
1.122582403259006
1.0631212286167118
1.421244495067673
1.7688140633392393
1.6948960730950469
1.9431128071100467
1.6363152684350708
1.7251729967003517
1.6329551775324223
1.8097029146104162
1.6987555393227722
1.5014718742188229
1.6346230812317775
1.8409720723806344
1.6818167907882344
1.4206566219728027
1.5583638078859878
1.4601606891172083
1.1279767179055835
1.4611236451696727
1.5011944391458385
1.7028244510968338
1.6246317662888674
1.8608552029623624
1.839668956785888
1.9103684150681695
1.8547684857163815
1.7165369763858827
1.7987709171109105
1.8370247055241216
1.1904198669354318
1.6269613793599416
1.6290128098713546
1.667075759532373
1.6279300212933716
1.8640470307417374
2.0298555501578166
1.6032508843124795
1.6772596133064392
1.3727079140118819
1.3269323255982055
1.6184536071011884
1.1559332104622027
1.2959982324419985
1.263284827104988
1.4561422804136241
1.624175450033814
1.5561089457120452
2.037239588090811
2.081484813694376
2.023013607191139
1.4144050403040525
1.179927570877983
1.9723872515211986
1.5952935239129673
1.4953461167476643
1.911065082430781
1.9563218252848498
1.7721177851559553
1.569659235523665
1.9566764512712216
2.0237468324069425
1.6959675136847454
1.71703245618301
1.3388053230411885
2.041044562299853
1.1922726358260636
1.4038629318958091
1.3872409481903336
1.3918672293392862
1.4229031240263956
0.7859707211593816
1.2971735931774944
0.7324002701874006
1.3846306179308274
1.4992068975692134
1.4314437550724661
1.6826688053006282
1.4583601699457056
1.8124782536882478
1.4666440953791589
1.4828500417242698
1.3948663619431767
1.5014081029299529
1.7913276159387252
1.2597244059673354
1.4309700471422442
1.4508734292728143
1.4553595427556154
1.6663869060236798
1.4130296776974685
1.451863415976305
1.5938042320359522
1.917637886491488
1.663580544668695
1.4559372973615612
1.5082252091586124
0.9615619043629655
1.2915091183027898
1.361437675147454
1.3821777376937525
1.555172087499208
1.5682461694596888
1.2049627682984347
1.5327505371766381
1.4005665034824104
1.4522285980692693
1.0438731475765697
1.697863358124269
0.7873658827651053
1.4221196987020517
1.849152735126955
1.8336880546020673
1.66294921232289
1.5440748350084452
1.224627980953828
1.6954274366889144
1.4131634524830212
1.2582901866486895
1.6801894004837514
1.4890530905552208
1.5215654022554044
1.7172753268384582
1.6297179343463792
1.6083840771117728
1.4490122571984962
1.5638114370040188
1.5560047199933604
1.188756552782722
1.6119587152948363
1.737563987479285
1.5848581130800607
1.9329298376914852
1.4301965398393977
1.6656551863561382
1.7462187524409152
1.8108482896515823
1.5500779595025675
1.6419743245370533
1.1569018654134025
1.3766193167437097
1.5154901099743585
1.5007380711850185
1.4938433442148358
1.302940148423722
1.5147316307153469
1.5760363428553297
1.3501491145072486
1.6849401228651963
1.3786646250786982
1.0388461652914163
1.2894259061884754
1.5016391194988483
1.5411802325847745
1.3431351499570185
1.4161898946932836
0.9968206812417086
0.7553363459375018
1.8765278505086809
1.858556341951406
1.5326107878520374
1.6096288248649664
1.4206387371998974
1.6120949400366293
1.230242940727825
1.3422363531935386
1.8712443813245039
1.6469722253753338
1.887977689804894
1.9701522302821697
1.7786209738904049
1.6296001417445602
1.3738089350056504
1.3019045063025811
1.3131671978231236
1.5591032060288288
1.6414619301529796
1.8879594327361133
1.350048803797888
1.3421047079511195
1.5522813944336558
1.6448540598785772
1.7134070704550801
1.4199235036159759
1.4840859171437901
1.862656554404709
1.948981144969504
1.8192891680263776
1.4245467577478466
