3
0.5
5.234629952478351
4.471450029240612
3.947098722402193
3.8580675172801167
2.963411084947393
3.3919146342965925
3.269891529307879
2.9876279646406823
2.830165969791249
3.0465429157497557
3.1457001199475285
2.9251348028505797
3.0433966888180537
2.995811803593403
3.0954397277101604
2.6001098053761194
2.621185287208081
2.6910862963856204
3.301196334869007
2.924782486514359
2.930831297472616
2.8182309834204933
3.085231031712682
2.546197229575511
2.8686526414478757
2.250151533763856
2.394151885675323
2.617946039625764
2.0554200328214085
2.5936529550817133
2.520674532540768
2.091489463742252
2.4225991356973653
2.793258671641187
2.667064533039963
2.768300980713179
2.525434962654302
2.3985318898729724
1.965904771085447
2.437041184710945
2.1631126424381386
2.1924275283539942
1.6872366108129928
2.4621324883558806
1.9604289973918245
2.2829755239121674
2.1685383746504474
2.1570212036311944
1.9309313605564498
2.009376603542289
1.8323132347144067
1.8603625014326561
2.0062509418679375
2.2500917311971254
2.353010408268408
1.8310816987771186
1.7732737512867522
1.6735722347504418
1.8598201913213555
2.0907554192194526
2.157658262975331
2.2708289876178527
2.576507478455291
2.0986015937832456
2.338404768407478
2.3631615276962443
2.2310713556511503
2.315647427319985
2.262075620828338
2.0472622827947213
2.3397655818340177
1.8528330702664397
2.2968137676562708
2.5411825904585514
1.88330890169183
2.3324739715062783
2.096109380340128
2.0510366922176084
2.058650785679556
2.160793164605545
1.9193314314511007
1.9765001161874913
1.4868002267716538
1.5482740285902068
2.063592399917707
1.8695456655406606
2.0547791127554698
2.365536019678391
2.406856427856592
2.4025044842995684
2.0249747284813475
1.8215407482581156
2.44371026402587
1.7284732506795024
1.9436429062749614
1.4334645447868948
1.1098861077485664
1.258007312192511
1.4757598561316887
1.5764745796148474
1.852072144636324
1.8771249246427764
1.8858202063146396
2.0321095905265047
1.7368640178200365
1.6034834616440397
2.0478828371041806
1.712777278273394
1.495887019436755
1.5783361466439583
1.8956110343373613
1.8005635114812655
1.5582328427800685
1.6846464979983484
2.2094214740736535
2.1439250019725575
2.1974177914051345
2.1506996629495285
2.054572820894055
1.673845146053969
1.8780225585282415
1.8439825853419027
1.5922011491813923
1.621602638175657
1.34952329188784
1.1124512438177043
1.3041362894195168
1.6530749987744429
1.6349088933372822
1.6553869288040999
1.8371732956141291
1.9247611625746543
2.085838736607779
2.2544667800147464
2.0072144002029226
1.3449659714827744
1.9395113924433525
2.0351723118884104
1.678193723072485
1.9770242372412448
2.135180939922271
1.7248083156236635
1.6269604811623481
1.8216045913366472
1.6902127655881578
1.6632735399504213
2.0773523854166256
1.9807269583511093
2.113562002734212
2.065476868992249
1.8598267032293705
1.8446413881793955
1.9365588241291345
1.8691723132387217
2.1405932727501904
1.6581057375808501
1.5471452007074453
1.48901918935459
1.8144369265948614
1.6311095540917975
1.710206623257766
1.7485711833849584
1.5709340555416784
1.9347479910066234
1.679700833603532
2.0344605920849084
2.3030219584269287
2.153085233024149
1.9016285360761125
2.0168247781529716
1.5559138002158062
1.724316485030825
1.825677764900036
2.0176612334059127
2.1469972571060296
1.95362577990557
2.1024823666668113
1.8083540828983664
2.1607611476475137
1.6863249412625305
1.4995910112893642
1.7421445526975308
1.6847314075724475
2.202772574775353
2.103898941685319
1.887507343906971
1.8109898456879616
1.0998051937452529
1.6796424372610042
2.1524239793706066
1.6876686023382361
2.010730724829208
1.4187420074383859
1.8588407225997585
1.5095286604747602
2.0738416878264117
2.0527090175770555
2.036593505154893
1.7664487398799913
1.5414787298568555
1.8602040256194272
1.535730142457367
1.8310166077073071
1.8176696834918478
1.9919845595496675
1.6668047038334568
1.8717545543100649
1.833738556828591
1.5907254390091607
1.6834284076936126
1.812938890680925
1.9030585826531639
1.414467646985607
1.3663462357892724
1.6612454234522693
2.0323738058872527
2.2193222391138043
1.8008497505811878
2.032024414191112
1.6567156712499613
2.0433987006100245
1.880723800735137
1.6524694355072473
1.7357540156922777
1.5588987103764043
1.4727959190641375
2.0374880850324026
2.0542428751185757
1.6134553540405996
1.6522013071738342
1.257311897520529
1.723471178185891
1.91634680641437
1.8847264420203405
2.1744628178805536
1.6134992114801165
2.1064805193798404
1.7277904436997649
1.6523993720767287
1.8274559347058978
2.1671417506141806
1.9758023653149899
1.772814801640002
1.8670450962171337
1.66020670813408
1.9827504897812092
2.181722013207327
2.2131595777491695
2.0924527891216114
1.665886416371198
2.2161659521547734
1.9192335882622995
2.0647656216304697
2.034957266173103
2.250152711211267
1.9689272052462339
1.5493217700870356
1.3130660192262755
1.5190965662476095
1.6630968346027113
2.0615813150736537
1.9281412887713352
2.176908842494833
2.270993367290671
2.0136352771061277
1.7406131739106765
1.8894027960273827
1.7870504749056006
1.3203876485614985
1.6761722478530487
1.7877884390606638
1.867069479149346
1.548128272588497
1.490401425171083
2.0382035746445473
1.8977829803098842
1.7593462204337675
1.887687788333676
1.4774025927491325
1.5511280962314635
1.3632198472104968
1.7974400376321231
1.5454961464139003
1.858600168617928
1.4048374843725866
1.5598357035603285
1.7257456672621347
2.0152303446556936
1.8529068932930486
1.5297830183091585
2.1810582108362353
2.279010843399358
1.6919510539733111
1.6103606554187144
1.8332339166799034
1.9799204780900381
1.8896389359571617
1.8632723087453695
1.9545687106445295
1.823916039695564
1.853477608257715
1.6350872721514798
1.953438252004189
2.307030544939052
1.7270941634819958
1.7501405919373056
1.7406218847689616
1.9297788043001727
1.9874903073189607
1.4257105054165935
1.3053886299445092
1.4218241737142094
1.9310135335536782
1.619553835838382
1.8312889154431962
1.4300167770839056
1.4850093926387578
1.6259537951758876
1.5349006098996685
1.878143598376462
1.816898941943593
1.0563883923369501
0.6146072586789181
1.3563252853248011
1.6520407608631011
1.5844711164616916
2.1218908753251586
1.7086778033395107
2.1887194638618155
2.0792297863834097
2.2963169959102308
1.923889103567555
1.3327367514727386
1.6153907556421898
1.3804850552971932
1.7550413758864234
1.9842018960284253
1.4491752910886244
1.6351085236451648
1.9405354599617997
2.1496387716102583
2.0271672159092846
2.2465490970300452
1.828631510753835
1.4815775675139213
1.9041713306349464
1.8388571406810321
1.8043311424239075
1.5846180988957927
1.7188566510908618
2.1285248683896705
1.570509468918511
1.5788290253100965
1.9744719668385549
1.8172429506684176
1.9042204939737903
1.6603773817171394
1.8515415533384592
2.130984879760381
2.07219336446673
1.7935026525202964
2.0992257872936113
1.7618567166701713
1.7856463888437148
1.9929679714479822
1.1112477153739373
1.4724556868246519
2.0829847857281507
1.8574173339179403
1.7301317615910494
2.0232993090056097
1.4653737879962017
1.5443971031712933
1.9000739876501367
1.7274147526010168
1.329286149579229
1.7318692174328862
1.457017468007459
1.7061843705856314
1.907713979148495
1.9816112893601485
1.9183217878579988
2.0301086914016535
1.9122642980635667
1.782840383783899
0.9182389054673017
1.7284012643463371
1.7223117453895724
1.1648876907320667
1.4527148089809068
1.3499803336339016
1.3579633698365157
1.7908590248310907
1.9218755353874521
1.8173754323806404
1.7728478742407152
1.860560461593471
1.9397870640815864
1.9746678654281244
1.7783411328159073
1.6075019574205853
1.9136693881808822
2.135105778166656
1.834158738117186
1.6866354403119423
1.7943323518808554
1.254868542885552
1.1717111899908832
1.7955522969550757
2.0000553676033443
2.2049879570060877
1.87574717452692
1.6601401049816271
1.9244466710859256
1.7130031004587518
1.6705714675159773
1.9373879202216535
1.4749038163796233
1.705384869525983
1.6271583309227502
1.696669438827603
1.8069868452572462
1.3479594966381798
1.1967424100002404
1.0451923308145812
1.2390197832069294
1.200722329238634
0.3056727486720543
1.278293977258636
1.6423732947934375
1.6073830644681162
1.50436916606916
1.5655269245433754
1.7186301863738973
1.3225598837311472
1.879858633363505
1.7430237536458584
1.9757048362506062
2.000652718229077
1.557097191984143
1.5768252838223753
1.6316499315366215
1.5986656555711813
1.9105289423961587
1.55590608674302
1.7066127440543462
1.7062210022723927
1.670908742134372
1.6431839909636217
1.5825643956753024
1.8290807979832735
1.286381126803581
1.8873893899936078
1.7408062306778498
2.079490311135474
1.7169190224513518
1.7941166997292552
1.6716981286186285
1.6047550574774831
1.9597074925761948
1.8230959578836008
1.6636887877927422
1.141670822601251
1.6740695521790196
1.7499993193364094
1.684068479999958
1.8818986375216493
1.8636710364688807
2.1640667054984126
2.320274353724753
1.7936900574298125
2.106311799443451
2.2091898520307938
1.9378176630744224
1.4777692421908692
1.3040134092908293
1.2236828146479586
1.5151825607708358
2.1371672130542074
1.9726505243003203
2.049010570793694
2.031685949815444
1.735900084205732
2.147312509675757
1.917944579056297
1.7884955870546655
1.5544274783112786
1.7838070056310975
1.6571830951236912
1.813085904061598
1.9622733692323302
1.467178141847494
1.6202180350599598
1.517087158127565
1.8905274358780275
2.054835678740999
2.0388371891626536
1.7391588797964297
1.6452969546144502
1.8769042590239298
2.196161112086107
