5
0.5
5.655100692748533
4.910331639716385
3.77711318135427
2.569093921958747
3.2524854732329445
3.1164481555861805
3.0942490515522527
3.063766519953068
3.002516306895982
2.412754604787167
2.67149651029309
2.9504167024182464
2.7295244944684045
3.0157005518301587
2.958182106455742
2.6877931977047362
2.420948391616342
2.487810372312565
2.788803076905591
2.786373809394232
2.9354346371367166
2.3959563593214503
2.7515199573401725
1.810384259895946
2.2532529079244283
2.565197353383539
2.447489702433591
2.8334992824316814
2.850276853029125
2.7673708805025976
2.7597356101221524
3.0085457095442507
2.725944494116927
2.5858921339097614
2.534664866204889
2.8210155371121766
2.8203598459613595
3.002048981463202
2.886432543948111
2.906864791452505
3.108399505895128
2.8632061027759823
2.8958809457069035
3.069177656631999
2.824316396490708
2.898605784287052
2.8229206956284685
2.7538944471942903
2.7300039446324584
2.69665783716603
2.8572962953278394
3.0416462597827247
2.716455037858968
2.958065412924872
2.9408762447609895
2.932325906843156
3.0792598383856293
3.1452753736289596
3.016099074192867
3.0013475654659354
3.1156102455216317
3.2801364731024214
3.4605716105943225
2.216307294510904
2.7579786946773104
2.6159888420024733
2.843540523797115
3.129480694977545
2.6168634155415447
2.961337608638425
2.8399399925289956
2.381062306036972
2.711337541617834
2.1858402584727927
2.287931773747265
2.163609205706626
2.658751712865518
2.3882845607125445
2.771820091219011
2.784026886618912
3.201220403620399
2.174210377257975
2.639835547483172
2.85082645008907
2.764033894383741
2.7087210762735388
2.743971616475928
2.588222255970049
2.2377241623082775
2.2815483023776055
2.521403606395733
2.5364461958432
2.816715611434316
2.5427389126213447
2.6370947471792325
2.5747041901863716
2.133146927975387
2.2607855987381504
2.5646947626764125
2.2231137428252685
2.2000790967127246
2.5578532633918405
2.5604389359760793
2.4347828849941573
2.7582686352260324
2.7390921332391978
2.5012195092002445
2.5518895385094424
2.7323620789231375
2.642292127476707
2.4994994097952117
2.75782390073118
2.848338531566367
2.485428090388484
2.983044059139776
2.7462132296342077
2.7343156561471034
2.1033777306344796
2.6479391097918197
2.6912571327762516
2.507253729909542
2.8648643063195185
2.711574193632583
2.630029450412686
2.5868417045956194
2.3271566661077223
2.261404011339001
2.570358536801658
2.614704927748849
2.482175149701986
2.3109684536528916
2.4021324164016242
2.480378850199883
2.606434486377072
2.7132666460002577
2.367080872869485
2.453824854525454
2.536556175050038
2.140660151203143
2.173251629216404
2.308838694616397
2.6012466156295075
2.788559719411536
2.530656374864924
2.5944193368897803
2.1164910690309
2.437828229525681
2.2368989585676333
2.3644450617350614
2.5125534434905403
2.389122646996751
2.2812992213445393
1.7131083188635898
2.0497992030388934
2.061136874343534
2.1438710017041815
1.7202005288070885
1.5385134747048212
2.0767961648514
1.7489953793291497
2.092045794037526
2.3244484649878507
2.401563071000745
2.0869023421662964
2.1764034911978785
2.381556871818082
2.709495219742723
2.499671168277138
2.359290214864771
1.7582441817394294
2.3123330089767937
2.0062499946754513
2.390799953169167
2.1281540697146926
2.346220753755164
1.8025501929375582
1.793536435851319
1.9849862633725082
2.1106496551087917
2.2652557795053476
2.5539273468437167
2.6869478929601582
2.4468209074989735
2.3807463749345152
2.214748362905669
2.1551189202390626
2.2413617358742726
2.2410268325389153
2.517353851337466
1.7163901595443825
2.1370269588975344
2.3103926380925546
2.258276796921854
2.4711674817835685
2.5409176533818645
2.671763656392964
2.9441570587673236
2.7844315729593245
2.413333408219515
2.1571237906311773
2.3146668932749916
2.4776644383894846
2.325078001548502
2.324219648698768
1.9424739963117488
2.45434656617863
2.527128291436281
2.6098290811100724
2.588419293924526
2.6329678784849144
1.802225436831295
1.7014183665249185
1.6065796348434056
2.2301146654948663
2.123992040199843
2.475032788421985
2.1322827804782283
2.051486594675667
2.281943189932016
2.2438863577814208
2.4086218283240712
2.41871520060399
2.538446846018914
2.5956275892013294
2.072700889293036
2.3263531733053497
2.0856134651276723
2.0622944227417968
2.4880531207437744
2.549482403457798
2.324699390806418
2.467032016985142
2.305607634649209
2.0510703390674045
2.229773726426729
2.42130057258827
2.3805221863324078
2.6095230874143858
2.5242341693263706
2.3631507622162404
2.3556108604326846
2.4382635358318177
2.51177246605933
2.458563933745791
2.4897261626703107
2.1599577835058006
2.0238328464777218
2.10294254149476
2.4357516931762597
2.4715081909067695
2.11784869423796
1.7623616506662714
2.185538331056751
2.033479697232938
2.2573546574482486
2.35306965757159
2.383899524279387
2.3886076308557387
2.2657476749274905
2.274427273540856
2.38361975086902
2.4825004740654366
2.2185113042720443
2.0553171706450657
2.163194887133373
2.2096834325778136
2.4422961582611227
2.2372316514731834
1.7322918292331195
2.2575134499040628
2.515375405076875
1.9649169714998884
2.1636892738734073
2.239030371783179
1.991223735049219
2.0192185939866323
2.4487629880944555
1.551508254639294
2.198060463433616
2.292486256236251
2.676396505272588
2.525068346470048
2.6887215644144917
2.6517499868965877
2.6086860888689807
2.47233186113031
2.104949374823197
2.3583558263605013
2.044138055585358
2.2860090491554743
2.5151645913726126
2.3208950156299895
2.0226341241105517
2.2388841096213836
2.4073538072361393
2.3372564616185887
2.171429071401671
2.4465057167954063
1.9899459997008502
2.091643360104067
2.1539640921132905
2.629548565027045
2.2408888165597394
2.751887902745053
2.5767563387203483
2.5678891333039635
2.564273846188862
2.7470781106032485
2.71222792957891
2.3603259735410127
2.5600398968924742
2.688023989457719
2.0737985462858366
2.1290335318167233
2.3608996857920137
2.5461180904172247
2.5707451275909623
2.4970592681089334
2.472019485948229
2.4659755669350405
2.4158001829477844
2.760971025635529
2.3837968173108406
2.134616612492924
2.455154598607808
2.20126547614619
2.1602999763827606
2.3055808330693752
2.4795963382600825
2.234917022389019
2.608581732199048
2.6556993162658835
2.4056699952357716
2.320087541566677
1.689671017843385
2.2120314164779327
2.2025770716345314
2.4457272476705993
2.539375813633703
2.589074969812283
2.511660182971407
2.6044007406384164
2.518283070279117
2.1848843799928614
2.217968650515986
2.7367379701273986
2.435777535678901
2.7141774041010125
2.6329034599149366
2.574133126592918
2.5377188555458092
2.5118031323932217
2.45616306925096
2.346501220547842
1.8772875876980382
2.033166450121404
2.2010973107363085
2.2887005363512705
2.4799481483833383
2.557633989801624
2.1099370139979157
2.2621839520448632
2.1318003530354575
1.9709086626449626
2.5070166244084127
2.2933349801447545
1.6415446048269082
1.6368109114650313
1.879059561839598
2.0559361362569426
2.0507650163884543
2.2616207638015924
2.3687717508935413
2.4726645741850577
2.3630063988298593
2.2039760382678026
2.497225431693674
2.161343799639823
2.2112733548814316
2.555459356311243
2.118166962140473
2.350266818299186
2.3631835078135364
2.2820775300001372
2.5965598996668597
2.6248458177983958
2.4227307389398143
2.43410563952956
2.4952596034882255
2.5220354455533065
2.3077719254617644
2.2942394988771704
2.40911721519804
2.1108092410303887
2.3251624689836428
2.610642057340411
2.2230009021173203
2.577654219132758
2.2079737399897668
2.1319417783310657
2.0438808501365875
2.2750818858674946
2.5981276665652686
2.470064034026371
2.2901886934495534
2.2488378862684564
2.1762994683695065
1.5446825550689174
1.9345547647073496
2.3671226234062006
2.481286522192718
2.3626929133236816
2.425257573714319
2.2540011158838404
2.6989119609698533
2.4089369132083673
2.8449113099490386
2.659599081293281
2.326713886117787
1.9973408903506555
2.162123194777242
1.5455481433358653
1.389794092962126
2.322450124916512
2.734118255682617
2.3647641713055014
2.6477654032179476
2.749504072408402
2.6589866698277556
2.3200605111957326
2.6086624495979462
2.5008663067840247
2.6380533739815726
2.1766041699946785
2.409833304182391
2.7540817490270277
2.390068332930354
2.348879066734727
2.4496409096054945
2.136784621856261
2.2553396855458265
2.0431226606557935
2.492011037448341
2.6459655863724376
2.726570957476804
2.807052568763853
2.712894994405804
2.208850403245096
2.295115934711932
2.699286048189701
2.642877815802382
2.7987621872437236
2.8020174416389887
2.9718620372273676
2.549539885685161
2.6975967565386325
2.319638200544519
2.547776004055471
2.616730498674258
2.4950464023412433
2.533080571879755
2.2371198013099893
2.579653561499473
2.180819250689612
2.184662086973483
2.3828480574272524
2.242205282457699
2.4632262224851003
1.9864407907952852
2.1512078017519793
2.203984930640994
2.5407147244193276
2.3440412976086575
2.4432059903259273
2.2331286854993073
2.1565560348456296
1.7644779437099831
2.30346147417793
2.6691134158715633
2.3021911786997906
2.411955010138117
2.5325405765957703
1.9632205256210291
2.1130951835926957
2.479027795342014
2.47104792989923
2.2801870722417457
1.7347430120088076
2.108110055976186
2.4122725592275165
1.9247952092869116
2.274515744556171
2.3250031956328328
1.7308112653434435
2.3177141680265794
1.9248454038653044
1.776096388943185
1.8306103967935647
2.210429692146107
2.424459272215885
2.0932576506604557
