5
0.7
5.966419871025766
4.293226396890684
4.016912510552966
3.752902116159851
2.8040240075331666
3.056652713914021
2.8117950277676433
2.980988255350957
2.9936161740386376
2.66477115538615
2.055432989128984
1.875320805572473
2.2339214905268667
2.625078762545511
2.530900790674137
2.614088355213784
2.65615132737116
2.6324197523240747
2.7741647943510794
2.6636223438819346
3.02041925975641
2.6567896792721455
2.540732743529916
2.4703735717165616
2.202266845440442
2.626089577645586
2.8023606776825583
2.7412433588992933
2.932664447528
2.1899093358399133
1.9613595863156141
2.5858487149926908
2.869520309439609
2.891018227732162
3.0021295319463634
2.068123763748152
2.5369527738590842
2.683909042989389
2.385392499574441
2.9236693702074024
2.801420962616251
2.4638326406880724
2.3586685333596065
2.672031251210847
2.5213164713144964
2.3596616491225477
2.207702665099041
2.2069084504462757
2.0591358405450935
1.954755434505877
2.4115652772667913
1.7819288946841225
1.615800896030769
2.177439191193373
1.6051883574791166
1.9858645008019742
1.787212612098143
2.160445204770624
1.8558022111693198
2.2071195220818147
2.1653673926047348
1.8193807207986765
2.129668757909677
1.959934612475441
1.8445710241821203
1.937615649553417
2.1062266007482293
1.9294739833017887
1.8808548147949942
2.137397812571293
2.1569065486122234
1.8268299101219057
1.8524293524255526
2.2898924693210176
2.2573269783900733
2.246695867592584
2.468941028817892
2.7834223315742768
2.2935663657420626
2.3613432162129753
1.6851286075450496
1.804764903340248
1.4815387883757745
2.009941168981573
1.719402708902591
1.8831065713367146
1.8616328365411963
1.8432580454216727
1.8527063707973308
1.9217366254605373
1.71216530486058
2.080548389204272
2.1016387414141504
1.9807700018721852
1.9841101784389372
2.0720718962068063
2.0013304982084312
2.3039065980527256
1.9723827673949277
2.0242342004419145
2.1324287496816035
2.2158300164203673
1.644422400208023
2.1219852069773166
1.8047822847643347
2.0047888570053436
1.9444786525008886
2.281939433502421
2.2930973560190933
2.1248165563240353
1.994882251669668
2.0082851721047925
2.1696905247216787
2.140043289084064
1.8483130879116736
1.8956117752193964
2.066152598242475
2.304090263427144
1.968400539639136
2.2815024077783184
2.160273737937235
2.2077443416553955
1.6405644929525098
1.451860011008805
1.8677063822132869
2.083115738309357
1.2670737499823375
1.7991595807509497
1.8217640228547283
1.6568240779884094
1.8169719256366086
1.7038323012236822
1.8626350795884412
1.6853817065569374
1.7847004090591763
1.3200325275906017
1.8554937920867594
1.937566625167254
2.0438861292922033
1.9796217250797437
2.09348037555534
1.9345977014675306
1.8099348003061895
2.060825581466505
1.8222934194315488
1.9011310489699078
2.1843457006256535
2.0038806958234154
2.1263276490579064
2.04948471441734
1.9516403393233765
1.8390480030303398
1.4472256651138855
1.3735704395332884
1.4251687711014223
1.4031501333090577
1.7389770290801685
2.1682739010325323
2.2028725286556545
2.2502182078514466
2.21939994110956
2.2760071525345618
2.080283110146432
1.835382768247524
1.7397671720765544
1.9050515980747398
1.823024879245113
2.0629865429219736
1.8231051796418103
2.2411944872908607
2.300756863310659
2.1331026873954615
1.6749590108784915
2.0089392032935725
1.8962238384663397
1.514296954420249
1.8564444591987423
1.901550739471022
1.7632843276449264
1.9986331552093268
2.1756214375212775
2.1554003010496574
1.7731682913598028
1.643220115624547
1.631429362390196
1.7723658391887203
1.5892687758604758
2.093785491782305
2.124198995074962
1.7710973340039082
1.3742970554677736
1.6826004552445695
1.7991369814563065
1.7265448446186837
1.394697788470292
1.7511312099907002
1.9625255212211434
2.1738064424108625
1.84776011709597
1.6910008243524506
1.5888321185107253
1.5536484011238147
1.7806660254681177
2.002462083103053
1.6286637402125173
1.910437285078796
1.7329674939334314
1.3852594088419268
1.8609602171829054
2.1062179130234093
1.8699664705397492
2.0239919581423638
2.1692027365068522
2.221848317378332
1.2654507172807907
1.4970374462030127
1.7946071401679184
1.7832818279920066
1.8167018073257073
1.8864713786035723
1.6518766781311016
1.715863624896075
1.5439681133673768
1.7296714620106322
1.6387373236890403
1.6700342343075074
1.8363928879731126
1.7477126902536466
1.6349390616333976
1.59226672540485
1.5374732662556603
2.035486231407423
2.0814646384917648
1.84934381009175
1.8912503766352544
1.4512689297565355
1.6887435549469714
1.9827291047403013
1.619005039324869
1.6339616850969527
1.6282973763453987
1.9213038477566209
2.127624585958785
1.9201537548878893
1.8156550022095392
1.8901460447669347
1.724684191723577
1.7271699385699513
1.6630195456916024
2.072940391985308
1.6987835637963271
2.202556666454609
2.061247103859062
2.163148324830326
1.9385022474007125
1.933570177092988
1.7687820754653398
1.9484770850270405
2.0403314411863698
1.936170849265828
1.952109707578277
1.4324448381738377
1.2114908431690143
1.5313719863513238
1.9422284093517308
1.7714733504935267
1.3741803171869784
2.0284913693805207
1.6879715337959584
1.1673618812801099
1.7876781589069153
1.9528145242004349
1.8878336441275057
1.9558022079503226
1.6823686577524413
1.4631555006026005
1.6599289527489098
1.8870023864627932
1.9887291200147756
2.035809704456695
2.0953050893122946
2.012105253775514
2.042044429129639
2.2564306683242106
2.0874965086314528
2.297236434490815
1.6707361863685044
1.6563519097548245
1.8738904155959522
1.6449669459532004
1.6542628161344628
1.886626850654875
1.7854860473543943
1.7795459791125263
1.640887299656045
1.8592011464827831
1.5144392504915984
1.9685505755242976
1.8473475817811895
1.51656357551889
1.964941337310884
1.975732119229275
1.814775362178347
1.9154353461159315
1.6946331375553647
2.1556659841990964
1.614572065015166
1.9920203423833853
1.8844485563751276
1.6961804047186806
1.8545743142188915
1.668748551472683
1.3925404037733922
1.6686340661645271
1.423036984405608
1.791163737136013
1.7660634105911996
1.4833670604811808
1.5893388086887341
1.8000211943040079
1.5681990274911477
1.5285299722134045
1.5844341891032891
1.432588215543423
1.837102523077102
2.139966103730905
1.8390318295868269
1.4306189271370973
1.4345829544755482
1.6663545701112188
1.8433880873844721
2.154464221277439
1.6457236287982653
1.998574807140716
1.7189513941399266
2.1084189699160665
1.6987219472937531
1.3423492501093561
1.2234643841131176
1.8215214336378396
1.6153773777717706
1.8739817682200273
1.9315947213255065
1.8871111921126946
1.841707833822575
1.5661711952527675
1.5399095529008826
1.9087154065091556
1.596143532583515
1.5771462902577995
1.9818984893946372
1.6655802141883609
1.8515396127975685
2.003844812284558
1.6299859659822435
2.1643204626581904
1.3507385403463434
1.7335056669065545
1.8148157501898627
1.9889744398767426
1.8489236449965094
1.941246157496894
1.995391702969426
1.822675824072921
1.3037524124477513
1.8482566118827255
1.7309701462380667
2.0156800557205967
1.941394555718626
1.6264762154538974
1.9968330865564774
2.0840584980101484
1.7658280386727587
1.781816684616789
1.6698193512898374
1.8263439440362546
1.9949584254539143
1.948919075872991
2.1726823219290248
2.002806621589373
1.8484497657316123
1.3358611638826445
1.451299539371698
1.7881551286840147
1.779714412785133
1.7587698041319733
1.8609048485834694
2.0296832471984994
1.6821071807375652
1.522152248409852
1.7184198624521074
1.573960445662383
2.0157263454848
2.030783647011949
2.0382650279582117
2.274008042411469
1.8633574565680964
1.9768462958031336
1.8727845889855494
2.1276038531224444
2.051502393862768
1.8786990346525427
2.125908157665513
1.9335242074575647
1.5137700048712337
1.5152846451894664
1.9258648626182766
1.6674850486386723
1.7476948835989692
1.485712303865066
1.8663862083745175
1.6733089081841641
1.9712598092435083
1.9834342594485637
1.5044572548417166
1.8255087625342825
1.3133838456855529
1.291617612567009
1.5396180238184636
1.757875592320931
1.5314948211379453
1.8472028404671204
1.8834175386962198
1.9640591378495682
2.0282014954786516
2.055597092945873
1.534170791632389
2.065255401790863
2.0891853601957466
1.2305028085657077
1.5419610025709793
1.6625190755542696
1.9920775558247379
2.0750104924229773
2.015439334003641
1.6782428973602947
1.8510929701083725
1.7775958445206406
1.6649842274961268
1.9064937337550127
1.9479875520382894
2.0114963413481965
2.093242954329743
2.0751512458560057
1.7670409820650677
1.808789441247558
1.859049846262416
2.0475403076246694
2.157979197628822
1.8699818292272226
2.298639286863847
1.757697062424241
2.0973888873143607
1.9910800006717708
2.058669046042554
1.843363804245304
1.6290728113086927
1.459104575137759
1.9056194302187854
1.913417187075496
1.711728689341849
1.9860433558297537
2.1104843133927864
1.8080893397883109
1.8433311942728139
2.0311863628488167
1.740216438140988
1.4630439739771322
1.522590159737262
1.231238109722835
1.745097287960818
1.7630099186656263
1.552560992868599
1.4100150261608921
1.387218880021851
1.5634799441552563
1.9991258850305804
2.0621143611071147
1.2589907065721397
1.5691410752706996
1.164396703662392
1.9698361337432122
1.4196580700513028
1.5936607647280134
1.7769098596439021
2.0337613997452624
1.9352625984673217
2.037936945514997
1.7349317024619055
2.1609823914475856
2.1654291964321617
1.9289653001864793
1.9754962833146592
1.6434547729834037
2.141152026168387
2.0341488148481566
2.239657230750441
2.130917008785037
2.0861560326752153
2.0489267420940176
1.9676412478587586
