5
0.3
5.471249932732869
5.064198283275917
4.1159930992389935
3.6585807052947543
3.6036589662398506
3.356673708738691
2.9000951274907196
2.844634773380626
3.197572873592139
3.2304627293228116
2.856308719488
2.9435768145400454
3.102866971786356
3.5884803606449203
3.444775439186169
3.257314054315885
3.7786241985457254
3.8600834971695734
3.647598512000286
3.661583522293063
3.4634027217962235
3.8348861605553415
3.918713123071572
3.722227167060872
3.738717818350488
3.4006786623697636
3.356568785412077
3.4676777944193575
3.2342082380152894
3.2682731678891344
3.4682339027244375
3.5423894141326357
3.557762449636544
3.3013280829417964
3.3109903353075056
3.10840345033425
2.949652236414687
3.259465253811148
2.998686357283075
2.995850818151081
3.467676954610547
3.291893937224993
3.4117705717494173
3.4326204967770417
3.182808610879681
3.4572684425249682
2.864565139045408
3.119240681208248
3.6492557449876912
3.5543387261073525
3.7008614532449426
3.6057745616995325
3.2007170985784628
3.552248249733483
3.4621361310971075
3.346730506093203
3.4369792317053793
2.994817737981344
2.976650957413855
2.9427733023181886
2.960921540405009
3.012124937755745
2.62042813004153
3.0311327258111804
3.2829621488230374
3.137959591887436
3.1478617096489727
3.2300726961007933
2.4039960295323666
3.0930452115541507
3.2089350011583933
2.6182365436526136
2.7424355133485276
2.0766468407756165
2.2451552142664717
1.9236575526761777
2.471364494083345
2.268242605903183
2.5932199089910646
2.46450202179931
2.1068834970567822
2.614012965833407
2.5301446025177627
1.8731325583743956
2.2298249898164597
2.342850151474708
2.1772898654453163
2.1762606669255584
2.525662115413529
2.3226274119239223
2.374663165368497
2.430268428765994
2.424829382667645
2.5133355330357987
2.8040629597426756
2.826562750717559
2.8676790501544476
3.099142708657736
3.088599598992627
2.824879642317113
2.815765216140556
2.393290988444577
2.9710834627178913
2.951417443961828
2.4596051834560178
2.722316709861325
2.7913012715595826
3.043230641922875
3.2410952135304725
3.2527433835763055
2.5451875315152224
2.7470480187713346
2.6204645886704023
2.5754470908526517
2.809187837547556
2.761678948152428
2.8423855986910147
2.894601138073308
2.121081618255333
2.2916655050838477
2.726481400348968
2.2177439422436955
2.558057259984726
2.654062585061484
2.6717241854542477
2.859660298419262
2.754353638402892
2.314237271182507
2.712952569660842
2.7432208436640835
2.342342604414901
2.4985087700556834
2.811364437264727
2.5786294519174495
3.1912387476441255
3.3225205903028674
3.260931696732082
3.2601633698084598
3.0135641933314496
3.097935737921753
2.9173188043261815
3.249119468860438
3.081476909327246
3.00054957622001
3.1125464244668493
3.1840198247862177
3.25062771050967
2.491140990919608
2.761459268520323
2.8808507351843495
2.8760239004016457
2.6605606440749994
2.745786344476413
2.492668045822192
2.5339105835637357
2.8743859522480135
3.1639049076466543
3.1327714291025033
2.9205881464594143
2.4789465427941826
2.7607355216980056
2.9389644063660554
2.8587349706968332
3.1368905121520245
3.30281195933876
3.1651133300101377
2.6700933265285136
2.659133648378308
2.8797406075645258
3.029783003745988
2.4022972253170756
2.875491481818412
2.6092510299499
2.759437896984633
2.7807381796224133
3.047383177145753
2.8718406262706817
2.860970487475746
2.9864686597321253
2.9216919053070014
3.0532320693857216
2.9859620091357297
2.6453972816900917
2.6767561310209755
2.6946233099033625
2.949153831322625
2.571774186436525
2.9822100653054213
3.1890636913220005
3.0201416215483583
3.0232653708040838
2.9812710777444607
2.9187079486123566
2.9385200934728672
3.017368522580243
3.042066038825343
3.358771394111474
2.975874317434704
2.864197622879931
2.9295294949546076
2.3587697736806406
2.5627016722008045
2.715007572134736
2.2782053886648312
2.334518630027552
2.494024052037415
2.5650365120611314
2.948156248494903
2.325827599825396
2.433512423904051
2.2631039821869714
2.199002236091841
1.9551173619920874
2.1697807700742686
2.281220348346585
2.627792825455817
2.8113972436355756
2.390418974249288
2.450718226244231
2.73583477763112
2.843884330057997
2.570494721280762
2.91582457729047
2.188549602989749
2.030623827321615
2.398133182532054
2.770229817470483
2.8293393755512835
2.963595595388304
2.7561701990056258
2.2818632156530594
2.4514388502554474
2.579074911404405
2.8527957749776207
2.7876705031323636
2.681495966897811
2.8016014037898334
2.753832752862014
2.690200796338093
2.75604832131057
2.5486118529915287
2.57996295496046
2.66165598749364
2.897073875866094
2.5746464787484027
2.0199474175377907
2.7692004453931474
2.994293998149609
3.4822897253915293
2.8142526144142037
2.231484246696282
2.3244626791534797
2.8723034444135913
2.8504992565497402
2.8204939412356573
2.89436620736506
2.332140474501783
2.811198783572313
2.809312023525199
2.5498157005205533
2.5422130555255493
2.292486076254842
2.747969307587415
3.0301166353530435
3.0389641488758117
2.7939531309928256
2.70760363373612
2.7693471843767363
2.193937562819226
2.285157042936869
2.327923400096946
1.7999041971080927
2.0598597958951532
2.4759459702602364
2.694312707653557
2.7247572502445507
2.9443436601328736
2.9397625538934684
2.77642707280347
2.596656803073249
2.6560232875988463
2.690486115666178
2.8760256441814755
2.750033776171931
2.6460629378202967
2.778794059738196
2.8718012395626675
2.1369872603304345
2.539808717926577
2.523542559580991
2.757558588504159
2.897050870937646
2.917561249662332
3.252607097195849
2.9467889273773396
2.541536788760278
2.995068887043978
2.71266160843192
2.371604543522621
2.069945690834891
2.8162419019628073
2.5485518121852184
2.468447841539875
2.6260617173509964
2.807556893101526
2.7973882479936543
2.4596680546233833
2.683932430633681
3.0456498719232825
2.9902286231298225
2.9795203194827145
2.8567101642807415
2.8060687983321313
2.655607606719774
2.965671051690287
2.7473520873639057
2.9570419444051317
2.763381764221139
2.554475311216803
2.587568412210321
2.9071540270831986
2.77450042223792
2.119616899321285
2.741986994387803
2.989063158674637
3.011817196956742
3.361469724020523
3.1071047589475023
3.102545814098947
3.019747952051648
2.5476350759315998
2.226603068373018
2.600599592999386
2.4362508275307575
2.5546625630953774
2.4605287612728057
2.7175064739723127
2.453859057934475
2.8166242276290534
2.79153351255477
2.562117463609398
2.696764912190507
3.030320694061669
2.664885068942984
1.6774970694206872
2.1007036800931718
2.232368401892731
2.415497911667965
2.376845111452144
2.1794294432580346
2.268789071895643
2.7736971203048917
2.349685213921623
2.4367103824588687
2.3238650094713043
2.3463203310655465
2.630101392603
2.6321047979654364
2.696989431451555
2.4035481118742656
2.7288625095637875
3.02096766472056
2.97495536685957
2.5392414201905944
2.5843605783874306
2.696464875687114
2.390454302844316
2.9326698360094383
3.160570460260454
2.864026725544138
2.6652239698890754
2.352185469272165
2.67663191846801
2.326974275698545
2.566374498499383
2.5590888489709633
2.096581237744938
2.220571056812399
2.6496776037945495
2.8159082697623035
2.974556784431427
2.728872318206011
2.863611137230555
2.485230817533418
2.4594732967283015
2.100250083584933
2.4056186941770137
2.4457264753955785
2.8104060486865006
2.8358630078713882
2.862055077727013
3.0527285144900254
2.974512119945188
3.040606124094136
3.0455368196457413
2.6104648504347674
2.355828370326008
2.840988665886747
2.7271153895764106
2.5796044979723503
2.8546753965537905
2.860487182202104
2.7804846304637647
2.4185223063842427
3.027709806384503
2.9674617710628572
2.7133838725063684
2.885728077814754
3.0850170002045365
3.111719936129552
2.5897867718149596
2.593197485202767
2.0158664464529723
2.6037708701541553
2.653946580777668
2.228823913349907
2.177666277718225
2.6098079189180337
2.423733065438161
2.492989690559778
2.373437787671281
2.788267062511038
2.759033630497998
2.5260516562347317
2.785424690498252
2.2504538554131295
2.654154203957637
2.7958483428537084
2.4549543187616036
2.7798169285447885
2.390859271584103
2.4917480614865957
2.7701569080514656
2.397311634046326
2.165819345039118
2.343719853526769
2.9200470827793827
2.694927920426591
2.816124470890493
2.2933820190607372
2.414296852520647
2.6103678589640764
2.040995758362809
2.149368362434919
2.626778358293204
2.0719941348346316
2.3788913933564593
2.2588124717516798
2.439060221550746
2.0839481563569144
2.087881415510849
2.4947951370233596
2.6070458082204846
2.370473114200506
2.5124687229766822
2.843045431508228
1.6716136820655816
2.361861676381755
2.188239209074818
2.5860710051192655
2.3907272516037024
2.6676070057445194
2.6919561571738044
2.5910647085658036
2.6165981223355197
2.7277269338904864
2.4114871972144316
2.914415156399493
2.9771452496959703
2.358157697011637
2.5564174780786693
2.5330301037049963
2.838167347164254
2.834998932567236
2.725970511462624
2.337078011700098
2.3947393536987818
2.603980818637481
2.4572876900577296
2.820825300637756
2.841765502381374
2.7553486233189757
2.705410895360944
2.988397837017268
2.8313891573653853
2.8749148266599223
2.51970845975499
2.8623027094617943
3.1256541521432633
2.5676926653901924
2.4538691786758653
2.87523614318749
2.3118340378428925
2.0630105105682124
2.451537395171747
2.5422779371899242
2.742264603103309
2.216123169613897
2.4282381866366807
2.3788551887142213
2.694085418081671
