1
0.0
3.1691025977769733
3.126067635837314
2.7342911240236996
2.4991183196135136
-0.0
1.584962500721156
-0.0
1.584962500721156
2.197159723424149
-0.0
1.584962500721156
2.197159723424149
1.061278124459133
1.7702834614222898
0.9852281360342516
-0.0
1.584962500721156
1.8423709931771088
-0.0
1.584962500721156
-0.0
1.584962500721156
1.8122120296587747
1.6493910166500685
0.8112781244591329
1.9852281360342512
2.2467052127325733
1.7531979910695012
1.593487274200361
1.4056004309055505
1.8186124504553893
0.8812908992306925
1.8787261337980539
0.6962122601251458
1.6292492238560348
1.908662819741918
1.9093999737577587
0.9297432191769048
-0.0
1.584962500721156
0.9456603046006402
1.9138914074771667
1.8178222027951394
1.4352257725734685
1.2648703531393315
2.022686080089971
0.8030068478899239
1.5716241614283484
1.4696727841342314
1.847818465895799
-0.0
-0.0
-0.0
1.0
-0.0
1.0
1.4572659136233872
1.7775269903806947
1.8697147980955566
0.7726983359420441
1.3290873601807052
1.2117227484670352
0.9975158079781936
1.484231086178387
1.9275970824541697
2.2292243748770053
2.0660346421425357
1.4104738331226936
2.1952851785453955
1.726628579456793
1.4392227122707557
-0.0
1.0
-0.0
-0.0
-0.0
1.0
1.4958242288403438
0.7131467486384921
1.3003150058423283
0.6696681100888344
1.997728364475203
-0.0
-0.0
1.0
1.5
2.188721875540867
1.684185736908434
2.147527396496037
1.3487763718266286
1.9685990097453474
1.6634963777764504
1.2427530108106108
0.854199398327519
-0.0
-0.0
-0.0
1.584962500721156
1.8423709931771088
1.6171895725927152
1.564405051741344
1.8063276797923042
1.5112377433445516
1.8521965033929035
1.5110233832768067
1.5650274927126264
1.3839780226080916
1.2077655747438196
1.537563211271432
1.6025317972099777
0.9456603046006402
-0.0
1.0
-0.0
1.0
1.5
1.4098449412673983
1.7458272406387638
1.8797835894575259
0.9421067430832466
-0.0
1.0
1.4355205042826666
1.5001542009939985
1.8056791005550523
1.3884380353614694
-0.0
-0.0
-0.0
1.0
0.9182958340544896
0.9819407868640977
0.9148210087144522
0.8605954091397763
1.0
1.8812908992306925
0.985909442028652
1.4929547210143261
1.110044983810568
1.0558488262700656
-0.0
-0.0
1.584962500721156
1.8423709931771088
2.1065532311704196
0.816689088315021
0.7345299214394702
1.9958591901030687
1.7214314968562996
1.708605913909206
1.2485447223447506
1.423366961210645
2.166265861511942
1.0
1.8812908992306925
-0.0
1.584962500721156
1.9056390622295662
0.9544340029249647
1.9402859586706311
1.860138084867423
1.5376347461680373
1.3607741157207802
1.4609231237127498
2.07923524486272
1.9027881505146218
1.3757358872168366
1.9648993333787472
0.9884462398906453
1.5041080564858371
-0.0
-0.0
1.584962500721156
1.0
1.5
0.9456603046006401
1.900182602254703
1.7056714937498825
1.8614606403655802
2.061099182400909
1.8895082013692055
1.4401670228070858
1.5541234362271408
0.9201998251961936
1.9705452351245867
0.8812908992306927
1.3294340029249652
-0.0
-0.0
1.584962500721156
1.9056390622295662
1.8163401138534079
1.939493906438603
0.9480782435939052
-0.0
-0.0
1.0
-0.0
-0.0
-0.0
1.584962500721156
