3
0.0
3.1468056155006363
3.140011254054449
2.638631049483924
1.6972891342903473
2.1062502014485505
1.7203966892439557
2.309269916448234
1.854994405640332
3.073992917446229
3.513420767940911
3.1232481954562274
3.5554789887848104
3.8356283514453424
2.9638985338245245
3.304903609340763
3.3628554929734484
3.3130584519525055
2.3265570710414685
3.0542576401218624
3.0398786225779393
2.555875665964679
3.382423321621504
3.7231172624189917
3.488402104623455
4.127552120667598
3.5600443309520893
3.510078018940325
3.692469201851488
4.2759922366842655
4.141674428836657
3.7578290924875057
2.963353355195116
2.6592425517085294
2.1821460315812655
3.306270189112651
3.6452940163215684
4.15125320906137
4.247639277483512
4.255500428716823
3.6208385361234665
3.0638564324560718
3.8503825947591994
3.7959931781820093
3.7537128052744135
4.084302907236857
3.331408345790897
3.6178080995669455
4.056232982236679
4.307644461488738
3.158114746883728
1.2624091703387377
2.4348708497529143
3.359523158958023
3.861025927049948
4.0288794770557095
4.156681284977515
3.2411494143632456
3.461031812362959
3.6619256363161714
3.5069733224197366
3.3916685490558063
3.437714792518306
2.8047781048345772
3.896927402167125
3.922573866868671
3.405441136153651
4.176631459034703
3.8831071156423964
3.928662093725347
4.063914018501038
4.478385503395597
4.633414754127781
3.369347894495914
3.8725293150136713
3.2140662040200345
2.8377977726966
2.761957052862845
1.7850244329724039
3.0671130851408352
3.0409818928365535
3.8027467617575637
4.005106924646467
4.114400961834798
3.4175210094948065
3.437955851734379
0.8551970952296593
2.556292852066603
3.5829186424952693
3.9807651080942783
2.9443505439571345
3.6649812566426196
4.0169439176411
4.320570370638699
2.989510057995809
3.9287276590035254
2.964127649372259
3.4391410680711765
3.326477792793421
3.8254909604012735
4.0090835956524264
3.911634377726137
3.9074987345867154
3.581077955944898
4.121859325787739
3.7645432723292425
4.21091915279036
3.842065436753759
2.8322237446820404
0.9961675563274142
1.9961675563274146
2.882979297538347
2.1274008679224634
2.9061248122049634
3.7612234104475317
4.155900534641529
3.1089689372323974
1.8730294848492262
3.31974909030859
2.5904269676141682
3.7125440988322356
1.3089131122581905
2.201961372057372
2.921111059689155
2.866706748098585
3.3326196228762592
2.761905367964248
2.794992553623724
2.707273208872616
2.9498726286053345
1.1946440092509336
1.7477740127172479
2.7613058081230872
3.367853285675307
2.3539926183934874
3.0813374577924457
3.4045836074205944
2.4952241034187175
2.374518208208996
1.8999374503484998
2.7601300353462013
2.631649572349062
3.371618564809342
3.069463482218381
1.1851199912833148
1.3004139139478221
2.5149919199539603
2.7963156177456607
3.2204555567007707
3.376265314358583
3.69201685535752
3.5228048881735896
3.170460908116791
2.178718423177061
3.1697182200632303
3.520756101769366
2.4021759661199127
2.841800390608953
3.561843266451262
3.4678441200467853
2.4758228320456697
1.3207431015214026
2.573675320835057
3.294736916139027
2.646345563233295
1.9302200603406192
2.944893853162986
1.2330236417179736
1.217993032875121
2.5303667773969845
1.8517339000576167
2.9213833413275703
2.740293851475772
2.730022955227017
3.497124399350284
2.1430653254068996
3.043265914758368
2.20653764811277
1.8401142470468281
2.138951529828021
3.143622030248154
2.8646043998475115
3.563923399909649
3.5412780143198934
1.4286515761182468
2.6291854795199616
2.6820452360924056
3.3537461062536904
3.2982215846106544
2.0493118553431353
2.556015820955443
2.7882285004534015
3.1230232211214326
1.1107425074394313
1.1689857765063416
2.810201538791948
3.595660883412933
3.9747787414568845
4.095650594884232
4.314889322855309
3.261398918957938
3.6882633228664643
