5
0.0
6.3804314363156776
5.852486735841503
3.0499899419095904
3.6061407353387285
3.1204395553235234
1.460175737143618
2.575207332790068
3.299694394637226
3.3145243337934036
3.495271026140441
3.4379270742051835
3.3518996476562286
3.8010028486589755
3.5568515714811997
2.5343776436182583
2.232925313921745
3.2081937701135206
3.329970373118904
3.4514127003125665
3.8787338406759995
4.135343975144953
2.5358573114506884
3.2914649146642527
3.637092013130347
3.5106696207418784
3.9495302887646213
4.203462715371461
4.35424605100338
3.0282825314207806
3.5625596759439686
3.865316423964773
2.6098174219268784
3.7268856530951022
3.82974122156186
2.353367898801328
3.393986898135944
3.867149728373935
3.867844144393113
3.012538397487479
3.7463897890909728
4.114776647451324
4.001595962817636
4.263169470794191
3.9726064793769997
4.12142898849903
4.417312382768219
3.089053472482922
3.549783746490964
3.8761399462397694
4.044082460532458
4.089210888584093
4.284484223312819
3.872963628135849
3.8208260908689535
4.347501290795133
4.260682776772789
4.399036356016777
4.231361947116703
4.486420474694351
3.010599562742476
4.072497908525918
4.309766327255337
3.5491251837116797
2.9146933776365316
3.359207284933208
3.9971667304359273
3.4411475606357866
3.59213385729495
3.868970941380186
3.6163988703806655
4.172814517593634
4.078094877209211
2.9739166224566405
3.154023652381161
2.3801980761760433
3.685419298153434
3.9222897787508004
4.361197773891465
4.1963482464663535
4.202855944039548
3.1801243422095196
4.076021476460871
3.830781057140501
4.383985251407332
4.149346090112386
3.611614895156567
3.4895785229422014
4.1351435599657655
4.485018938973053
4.659317821877029
4.05326053354111
4.381780202884255
4.04656997155556
3.26160686939001
4.253194592545517
3.6458906615143065
4.277907198983811
4.43099115344689
4.786108738176713
4.468196027790951
3.3884066700586906
4.322188390460273
4.8000925393719
4.777828913512239
5.080464427390126
5.095164665255689
4.375397625976216
4.831733669637787
4.695351592637598
5.0166432686136995
4.916590338264393
4.095416579588361
4.621314279603864
3.992119587440214
4.542908223869778
4.995990916831121
4.931478805764145
4.793598176284763
3.627335095686961
4.428632294368482
3.6223540728942134
4.439696443354582
3.640098077936078
1.499885148304613
3.2286958658476896
4.073692225346378
4.640295909030699
3.2973507060527365
4.317021439857603
4.460752620003686
4.849484236461406
4.6359402574458555
4.793250094803632
5.147412842913453
4.893453709823952
5.130686927165259
4.935495422178635
4.835493850013812
5.044112258899385
4.99791093143327
4.619815880673268
3.7240523523379006
4.583205200319329
4.562856588097194
3.6718279857734513
4.5363915046653
4.094867112832002
3.8532565905847513
4.513760257037458
4.339942040308674
4.73280797853155
4.983761203563322
3.112821890977036
3.2242999825994856
4.242214133788813
3.7817766394853694
3.497757916866848
3.6649804474781895
4.40021647004295
3.616936927782143
4.385059363656358
4.222187587331791
4.747841251743151
3.446975515023463
2.216484051349325
2.9974926983323216
3.6617517008180953
4.117512786936126
3.7416291784172113
2.7286385137802065
3.1624221811826136
3.4821122814163417
3.6933956411881548
4.009620925239776
4.3952272348773676
4.672788435241694
4.488921665395862
3.2959745822045488
1.1807762451691395
2.628256040216127
2.9158848378527074
3.9414305591897687
4.4067939061257375
4.76937943115332
4.383500963985737
4.601552065324288
3.485639343606873
3.900898728846711
4.316523302190396
3.657444501231847
3.7088281236254024
4.375640813191972
4.640240557613359
4.555364887446233
4.8208352958025
3.435197678094425
4.21446179675416
3.9006400343654644
4.447010902827509
3.8404882745368596
4.3178916834642695
