7
0.0
6.020520751388561
6.118787881064936
6.162130670079419
5.339691691191469
5.271538795693251
4.9932505754860355
5.443394354828854
4.58184875031096
5.058905957099965
4.761537731349971
4.610509115840643
4.997445247335431
4.734725712252314
4.942360951227974
4.714291339534814
5.0997565280102775
5.345592556888055
5.460750311082626
4.509392768909673
4.651974142809191
4.453018776906023
4.610435710422606
4.647799364682888
4.94969390806694
3.9246337977926467
4.392513250906354
4.168714411139107
3.103791971808647
2.1348025549068645
3.0590420937179346
3.283103022710448
3.694021434997805
3.231820695537456
2.743357211579655
3.7769010858662178
4.121089317296783
4.5414128364078685
4.547595057971231
4.876048063408814
4.60400264059481
4.856560088889599
3.713543167996296
4.3006200677141955
4.629862605447159
4.398086215287135
3.0364410645843534
3.8841673269682255
4.276848818308433
4.206929179074447
4.044313019525035
4.361823581252854
4.106728890574355
4.410334368438322
2.726620026873533
4.065236863183609
4.425408828061945
4.7773745080765355
4.797565656051309
2.9656644936170755
3.635459549817589
4.34861090644381
4.757889995604343
4.559410193895851
4.44017536862891
4.668594241293146
5.128459472915339
4.564897743714063
2.9670850680765732
3.9105357662269027
3.915727511881632
4.022197056481891
3.872226084373612
3.881292394297687
4.618417696566207
3.2413710142265746
4.142451461938104
4.0655297794297605
4.464026781081996
3.4540549340550735
4.363034523079393
2.804402254007732
3.7738876393518637
4.339978814763534
4.749112895605676
4.511295520276674
3.683000392145481
2.86478425778478
2.8440634374998286
3.668581003678284
3.1199808233816215
3.5738009148474843
4.209132903444695
3.918417789793342
4.224510088612372
4.772681993329549
4.668658992464276
4.956444084982167
4.985543303131235
4.785608395403673
4.976327365619296
4.211445813116192
4.327372240030891
4.437463286494128
4.7576625589347135
4.4472484309629445
4.633816594953987
4.014767915725764
4.649973157936534
5.0291528769238365
5.274526957572598
4.0746839174742355
4.771137187664109
4.910173122889364
4.382704831867124
4.146144774358082
3.5700439161862896
4.128915879242568
4.573016290582022
4.795882651982463
5.119089685091543
5.323961648613392
5.379499343380362
3.7169701727094195
4.466932021470385
4.896411537878153
3.319486602605638
3.992945869011927
3.248789767501953
4.132128825283962
4.438983240684276
4.753303259709759
3.336485992184579
4.211616745859811
4.636772859581853
4.416188639341518
4.792019064538491
4.600707953622878
4.948827448497841
4.224417969461434
4.173310354960106
4.816976101007546
5.037995818205474
5.327816894674899
4.316992514833673
4.798220387719973
5.007670757443981
4.56064591252046
5.0139598841129525
5.233940130568137
4.235183591118682
4.773824592478709
4.942047923831671
4.765825206552597
4.950151404663068
5.246731329073748
5.459634283891541
5.451400262304778
4.747680743728702
5.151498677214803
5.314679982947691
5.5014825598760675
5.511302559098946
2.5618496721458186
3.108467425453468
4.053960929879958
4.53326227663878
4.413979193412577
4.125276998203586
3.786252555013159
3.882054699861638
4.069741522243676
4.538627455267403
4.259239149920238
4.673290350546402
4.76396166615102
5.15595765732108
3.400740492743449
3.9980032231201785
4.445524912237946
4.870817228439218
3.315819625359188
3.0723678769794343
3.5975122963863275
3.469090173716259
2.8211160960152313
3.5735706414531996
3.1613846083060935
3.0259091221498564
4.050563399445548
4.368801378273755
4.399135419810783
4.617147121366924
4.7810280298853804
3.7376163098213517
4.25067601318572
4.444192653666496
4.397218360451602
4.362407946827939
4.83388053802106
3.5800099925898703
4.013486746563252
